<METADATA>
<File Name> ./SiouxFalls/SiouxFalls_COL_0.00_0.00_2.00_flow.txt
<Number of Links> 76
<theta | lambda> 0.000000 | 0.000000
<stoch | determ> 0.000000 | 0.000000
<distant tolerance> 2.000000
<optimal objective> 7276936.231661
<system cost> 7276936.231661

<LINKS>
~ Init node | Term node | Flow | Cost
   1     2  7060.907961  6.024674
   1     3  10652.632661  4.129241
   2     1  7086.200322  6.025354
   2     6  6593.845413  16.641739
   3     1  10627.340299  4.126925
   3     4  17556.976047  7.344278
   3    12  14328.867638  4.419803
   4     3  17536.260542  7.291329
   4     5  18830.213379  3.904159
   4    11  6518.442923  19.842575
   5     4  18932.681607  3.915495
   5     6  6944.376600  15.652328
   5     9  16936.466159  36.165760
   6     2  6619.137774  16.985657
   6     5  6976.526731  15.920060
   6     8  12465.837441  64.704869
   7     8  13246.477867  21.353973
   7    18  15115.146580  2.261021
   8     6  12523.279934  66.488333
   8     7  13144.906595  20.793065
   8     9  7490.538839  46.007724
   8    16  7842.103821  26.828845
   9     5  17006.784256  36.081185
   9     8  7421.523775  45.182374
   9    10  22829.726598  19.401985
  10     9  22931.029631  19.532230
  10    11  17488.187521  40.337236
  10    15  23503.045094  47.106823
  10    16  10844.381096  78.733857
  10    17  8145.005242  50.475046
  11     4  6495.259190  19.859284
  11    10  17440.779727  39.362762
  11    12  7544.407185  31.286999
  11    14  9496.590506  47.295226
  12     3  14324.290780  4.422382
  12    11  7577.408539  31.364165
  12    13  15715.457035  3.304890
  13    12  15843.881532  3.314922
  13    24  10625.385213  60.941355
  14    11  9492.997625  46.826015
  14    15  8918.759107  39.670593
  14    23  7706.055808  21.861256
  15    10  23426.880980  46.802871
  15    14  8990.701019  40.009369
  15    19  18560.681411  8.927743
  15    22  16373.155503  22.117983
  16     8  7866.990106  27.147138
  16    10  10901.728590  79.951190
  16    17  10802.191986  29.317356
  16    18  16149.859134  4.020552
  17    10  8212.532689  51.889092
  17    16  10837.511192  29.656025
  17    19  8229.813136  14.726198
  18     7  15216.717852  2.268169
  18    16  16196.773706  4.030442
  18    20  20222.296586  5.672927
  19    15  18598.607865  8.990328
  19    17  8332.659791  15.357731
  19    20  8777.357217  32.368716
  20    18  20270.782429  5.686674
  20    19  8918.130325  34.346772
  20    21  6331.729176  17.025922
  20    22  7470.145746  22.617000
  21    20  6312.012073  16.912258
  21    22  8084.165094  10.536126
  21    24  9812.625370  39.494881
  22    15  16231.006848  21.334437
  22    20  7579.121801  23.646683
  22    21  8112.471214  10.656924
  22    23  9278.484787  39.929626
  23    14  7630.521014  21.423096
  23    22  9273.618308  39.387825
  23    24  7852.848392  10.613851
  24    13  10653.809710  61.537172
  24    21  9764.602147  38.832299
  24    23  7772.447119  10.256294
