<METADATA>
<File Name> ./SiouxFalls/SiouxFalls_FW_0.00_0.00_0.00_flow.txt
<Number of Links> 76
<theta | lambda> 0.000000 | 0.000000
<stoch | determ> 0.000000 | 0.000000
<distant tolerance> 0.000000
<optimal objective> 4233808.022394
<system cost> 7478232.762472

<LINKS>
~ Init node | Term node | Flow | Cost
   1     2  4498.194280  6.000817
   1     3  8127.805956  4.008742
   2     1  4530.688317  6.000845
   2     6  5968.170962  6.573636
   3     1  8095.311919  4.008576
   3     4  14064.219721  4.274354
   3    12  10092.200002  4.020773
   4     3  14084.419957  4.275264
   4     5  18056.979445  2.319363
   4    11  5241.262468  7.169829
   5     4  18073.138001  2.319900
   5     6  8786.653036  10.024720
   5     9  15809.107878  9.669334
   6     2  6000.664999  6.614972
   6     5  8789.840314  10.016508
   6     8  12481.840695  14.719881
   7     8  12116.485576  5.566600
   7    18  15827.260369  2.062775
   8     6  12517.522010  14.866244
   8     7  12054.894290  5.514641
   8     9  6889.760103  15.133894
   8    16  8373.986599  10.710668
   9     5  15822.079156  9.681886
   9     8  6842.080301  15.028757
   9    10  21761.230073  5.688727
  10     9  21826.521550  5.726076
  10    11  17733.775365  12.402289
  10    15  23128.722538  13.738848
  10    16  11046.568422  20.050607
  10    17  8102.025874  16.316361
  11     4  5345.304147  7.265529
  11    10  17601.505687  12.214610
  11    12  8368.922160  13.594285
  11    14  9795.666081  13.715478
  12     3  10039.505729  4.020361
  12    11  8412.235785  13.744437
  12    13  12366.266118  3.023390
  13    12  12456.885470  3.024083
  13    24  11115.756669  17.632083
  14    11  9824.124458  13.913916
  14    15  9063.884693  12.237215
  14    23  8384.533549  9.064932
  15    10  23205.512310  13.813628
  15    14  9092.938859  12.472473
  15    19  19070.437588  4.321755
  15    22  18380.483228  9.036048
  16     8  8395.756430  10.736443
  16    10  11065.633503  20.232735
  16    17  11656.721069  9.398091
  16    18  15344.973679  3.166567
  17    10  8103.732176  16.323393
  17    16  11644.368458  9.369285
  17    19  9951.263449  7.434677
  18     7  15888.851655  2.063761
  18    16  15398.161202  3.168835
  18    20  19038.915488  4.262963
  19    15  19110.545496  4.332661
  19    17  9940.617139  7.413631
  19    20  8673.121967  9.412870
  20    18  19053.694297  4.263725
  20    19  8702.583565  9.487077
  20    21  6322.287008  8.193279
  20    22  7014.285830  7.735423
  21    20  6262.501407  8.110276
  21    22  8600.662049  4.187508
  21    24  10283.080209  11.879296
  22    15  18346.219258  9.021663
  22    20  7018.311838  7.741730
  22    21  8587.065739  4.194321
  22    23  9652.613442  12.251595
  23    14  8383.937760  9.009669
  23    22  9608.779170  12.250804
  23    24  7904.814206  3.748702
  24    13  11106.376021  17.585965
  24    21  10236.890918  11.649197
  24    23  7860.384145  3.728207
