<METADATA>
<File Name> ./SiouxFalls/SiouxFalls_COL_0.00_0.00_100.00_flow.txt
<Number of Links> 76
<theta | lambda> 0.000000 | 0.000000
<stoch | determ> 0.000000 | 0.000000
<distant tolerance> 100.000000
<optimal objective> 7208489.647325
<system cost> 7208489.647325

<LINKS>
~ Init node | Term node | Flow | Cost
   1     2  7582.489468  6.033238
   1     3  11200.399923  4.156922
   2     1  7600.192569  6.033224
   2     6  6618.711138  16.984083
   3     1  11182.696822  4.156965
   3     4  17351.218362  7.172846
   3    12  14110.206500  4.397856
   4     3  17330.916326  7.172979
   4     5  19095.081331  3.993221
   4    11  6137.146377  17.041683
   5     4  19155.407845  4.038255
   5     6  6973.993252  15.932071
   5     9  16927.257512  35.662573
   6     2  6636.414239  16.978484
   6     5  7019.974020  16.174871
   6     8  12540.688427  66.924469
   7     8  13283.529249  21.558934
   7    18  16481.016521  2.369469
   8     6  12604.372297  67.640581
   8     7  13229.680871  21.258760
   8     9  7563.244259  47.829571
   8    16  7953.735473  28.079457
   9     5  16941.603257  36.185668
   9     8  7543.569315  46.855621
   9    10  21687.640479  16.291615
  10     9  21782.311281  16.594304
  10    11  17489.970651  39.809326
  10    15  23380.620990  46.210865
  10    16  10667.267864  74.097265
  10    17  8342.657833  54.749918
  11     4  6156.517828  16.993160
  11    10  17385.836355  39.049152
  11    12  7342.284919  28.357345
  11    14  9453.269005  46.586748
  12     3  14112.805435  4.397923
  12    11  7333.413953  28.248858
  12    13  15335.942141  3.276527
  13    12  15429.670110  3.283199
  13    24  10572.902589  59.801605
  14    11  9477.377126  46.695905
  14    15  8912.077390  39.553007
  14    23  7731.529413  22.289420
  15    10  23403.349219  46.591423
  15    14  8962.760214  40.138100
  15    19  18256.532400  8.547397
  15    22  16513.263814  22.676451
  16     8  7983.245908  28.425561
  16    10  10745.179473  75.828993
  16    17  10610.077662  27.351559
  16    18  18684.561924  4.835443
  17    10  8340.823092  54.708642
  17    16  10519.767393  26.589589
  17    19  8228.844580  14.671790
  18     7  16534.864898  2.374339
  18    16  18882.294237  4.905328
  18    20  20719.118290  5.846877
  19    15  18455.234493  8.806637
  19    17  8136.699569  14.171308
  19    20  8587.484923  29.921915
  20    18  20870.698981  5.893500
  20    19  8694.042004  31.493548
  20    21  6518.327546  18.390747
  20    22  7090.397952  19.286274
  21    20  6272.510182  16.620671
  21    22  8075.074841  10.499185
  21    24  9806.887219  39.741223
  22    15  16287.972775  21.662373
  22    20  7494.353089  22.822958
  22    21  7889.491657  9.826782
  22    23  9295.378995  39.500296
  23    14  7704.954709  21.993248
  23    22  9288.459910  39.833479
  23    24  7735.749773  10.008713
  24    13  10566.630558  59.626308
  24    21  9746.653039  38.531593
  24    23  7702.255983  9.967967
