<METADATA>
<File Name> ./SiouxFalls/SiouxFalls_SO_0.00_0.00_0.00_flow.txt
<Number of Links> 76
<theta | lambda> 0.000000 | 0.000000
<stoch | determ> 0.000000 | 0.000000
<distant tolerance> 0.000000
<optimal objective> 7205892.721850
<system cost> 7205892.721850

<LINKS>
~ Init node | Term node | Flow | Cost
   1     2  7614.465307  6.033507
   1     3  11234.786743  4.159625
   2     1  7624.387820  6.033889
   2     6  6622.455253  16.890153
   3     1  11224.864229  4.158403
   3     4  17517.101626  7.290546
   3    12  14384.644896  4.427397
   4     3  17488.110984  7.264748
   4     5  18793.129847  3.866926
   4    11  6137.802899  17.035935
   5     4  18857.218730  3.890474
   5     6  6993.732440  15.978193
   5     9  16933.403744  35.741809
   6     2  6632.377766  17.046025
   6     5  7002.439689  16.126951
   6     8  12562.826666  66.800178
   7     8  13266.019153  21.453658
   7    18  16417.657301  2.363680
   8     6  12581.456429  67.696262
   8     7  13245.520653  21.339547
   8     9  7567.536671  47.436175
   8    16  7951.261980  28.066636
   9     5  16988.785377  36.014022
   9     8  7527.594959  47.097451
   9    10  21760.679197  16.417670
  10     9  21876.119119  16.716802
  10    11  17464.710113  40.078346
  10    15  23379.956472  46.313183
  10    16  10737.809182  75.674390
  10    17  8323.995871  54.330872
  11     4  6144.723375  17.083642
  11    10  17392.693805  39.368075
  11    12  7328.743027  28.419822
  11    14  9445.892093  46.404921
  12     3  14403.713025  4.428927
  12    11  7319.353290  28.381499
  12    13  15546.898015  3.292002
  13    12  15656.576406  3.300333
  13    24  10541.641545  59.108314
  14    11  9490.185998  46.774885
  14    15  8903.636028  39.320223
  14    23  7644.359093  21.373805
  15    10  23430.444998  46.827529
  15    14  8974.302143  39.809506
  15    19  18515.467455  8.881613
  15    22  16215.220667  21.354816
  16     8  7989.334955  28.531811
  16    10  10763.553804  76.358243
  16    17  10596.333230  27.232610
  16    18  18552.239792  4.778584
  17    10  8335.218951  54.546927
  17    16  10579.248331  27.180102
  17    19  8251.212464  14.817132
  18     7  16438.155802  2.365505
  18    16  18633.142289  4.805880
  18    20  20738.832770  5.849560
  19    15  18541.172306  8.914438
  19    17  8245.350645  14.843091
  19    20  8693.571056  31.332843
  20    18  20740.233767  5.846477
  20    19  8713.414088  31.711656
  20    21  6386.739026  17.417604
  20    22  7143.352227  19.717791
  21    20  6351.235874  17.167235
  21    22  7984.520506  10.128402
  21    24  9819.122330  39.625742
  22    15  16210.670457  21.264656
  22    20  7100.099408  19.363490
  22    21  8007.448664  10.222526
  22    23  9283.154065  39.907516
  23    14  7617.986883  21.273407
  23    22  9258.279194  39.288440
  23    24  7732.607552  10.080928
  24    13  10551.319936  59.311640
  24    21  9760.691020  38.763060
  24    23  7681.360471  9.868289
