<METADATA>
<File Name> ./Barcelona/Barcelona_FW_0.00_0.00_0.00_flow.txt
<Number of Links> 2522
<theta | lambda> 0.000000 | 0.000000
<stoch | determ> 0.000000 | 0.000000
<distant tolerance> 0.000000
<optimal objective> 1265779.885518
<system cost> 1365508.605427

<LINKS>
~ Init node | Term node | Flow | Cost
   1   290  1148.723058  1.083333
   1   307  1097.385942  1.083333
   1   316  0.000000  1.083333
   2   302  0.000000  1.666667
   2   304  0.000000  1.666667
   3   301  0.000000  1.083333
   3   306  5.038000  1.083333
   4   301  0.000000  1.083333
   4   306  0.000000  1.083333
   5   298  593.426000  0.500000
   5   299  24.119000  0.500000
   5   310  100.938000  1.083333
   6   424  1976.712002  0.833333
   6   425  567.338000  0.833333
   6   456  143.859998  0.833333
   7   274  755.312819  0.666667
   7   281  876.358181  0.666667
   7   283  0.000000  0.666667
   8   272  139.598888  0.666667
   8   456  16.620000  0.666667
   8   474  484.164726  0.666667
   8   480  743.411386  0.666667
   9   277  615.620000  0.500000
  10   205  8.271000  0.416667
  10   206  37.427000  0.416667
  10   214  217.122000  0.416667
  11   206  519.637402  0.666667
  11   207  91.114598  0.666667
  12   210  389.562408  0.833333
  12   217  0.000000  0.833333
  12   222  234.280592  0.833333
  13   208  200.724109  0.666667
  13   211  137.548915  0.666667
  13   224  129.130975  0.666667
  14   244  694.885000  0.583333
  15   228  131.907000  0.833333
  15   533  1526.210526  0.833333
  15   538  616.449474  0.833333
  16   601  464.278601  1.000000
  16   602  182.321399  1.000000
  17   597  19.849204  0.666667
  17   608  114.414796  0.666667
  17   621  10.752000  0.666667
  18   914  110.380000  0.916667
  18   937  177.174901  0.916667
  18   938  491.175641  0.916667
  18   946  375.709457  0.916667
  19   617  806.346870  0.833333
  19   919  29.984000  0.833333
  19   931  401.597130  0.833333
  20   916  616.927000  0.750000
  21   915  600.023759  0.500000
  21   943  556.166241  0.500000
  22   831  492.589000  1.166667
  23   823  1940.408343  1.083333
  23   835  368.305301  1.083333
  23   836  1797.816367  1.083333
  23   839  449.157988  1.083333
  24   827  485.973244  1.166667
  24   838  1102.949160  1.166667
  24   855  2480.429596  1.166667
  25   821  2096.566000  1.250000
  25   841  656.060000  1.250000
  25   849  280.194000  1.250000
  26   322  2382.147530  0.666667
  26   844  219.503832  0.666667
  26   851  629.445637  0.666667
  27   317  766.047000  0.666667
  27   333  329.645960  0.666667
  27   824  2379.034040  0.666667
  27   832  0.000000  0.666667
  28   328  239.448183  0.666667
  28   339  2818.150000  0.666667
  28   825  788.699817  0.666667
  29   325  1254.539532  0.750000
  29   331  987.672468  0.750000
  30   286  284.788254  0.666667
  30   340  828.744746  0.666667
  31   366  1076.651946  0.616667
  31   405  1627.297802  0.616667
  31   448  332.177000  0.616667
  31   779  812.759252  0.616667
  32   287  503.407808  0.666667
  32   347  1472.982892  0.666667
  32   355  109.535073  0.666667
  32   356  1037.275226  0.666667
  33   255  785.639536  1.083333
  33   858  1280.483100  1.083333
  33   961  2710.208195  1.083333
  33   963  1344.479170  1.083333
  34   870  1134.608452  0.916667
  34   962  1622.908868  0.916667
  34   964  914.024249  0.916667
  34   967  1222.558432  0.916667
  35   758  1392.840603  0.750000
  35   760  1449.914373  0.750000
  35   869  429.563528  0.750000
  35   966  887.897496  0.750000
  36   763  862.899352  0.616667
  36   764  144.575727  0.616667
  36   767  301.498842  0.616667
  36   788  773.095079  0.616667
  36   796  18.194000  0.616667
  37   349  335.156669  0.700000
  37   393  141.059870  0.700000
  37   458  185.822131  0.700000
  37   459  564.964368  0.700000
  37   803  943.641962  0.700000
  38   255  201.336583  0.783333
  38   262  230.571636  0.783333
  38   267  1773.403781  0.783333
  39   254  42.712485  0.833333
  39   873  980.089500  0.833333
  39   880  1901.130890  0.833333
  39   881  103.527124  0.833333
  40   633  3680.656171  1.083333
  40   883  2144.191829  1.083333
  41   761  1650.633203  0.916667
  41   866  1044.316032  0.916667
  41   875  274.225275  0.916667
  41   885  302.801490  0.916667
  42   666  0.000000  0.666667
  42   676  1480.512931  0.666667
  42   679  230.366000  0.666667
  42   687  599.020069  0.666667
  43   668  373.505694  0.583333
  43   688  207.253576  0.583333
  43   689  0.000000  0.583333
  43   696  1043.371337  0.583333
  43   722  1294.513393  0.583333
  44   450  109.124916  0.666667
  44   455  144.098670  0.666667
  44   473  329.651785  0.666667
  44   503  67.786629  0.666667
  45   522  0.000000  0.666667
  45   530  630.235699  0.666667
  45   551  0.956275  0.666667
  45   555  948.587026  0.666667
  46   262  1054.060611  1.083333
  46   263  479.120389  1.083333
  47   264  2218.539700  0.666667
  47   887  271.356300  0.666667
  48   261  101.466155  0.750000
  48   890  1682.553845  0.750000
  49   625  2044.112509  0.750000
  49   646  1213.943491  0.750000
  50   623  388.195336  0.500000
  50   652  0.000000  0.500000
  50   700  727.317664  0.500000
  51   655  135.880560  0.583333
  51   702  837.076797  0.583333
  51   706  779.759718  0.583333
  51   710  1754.218925  0.583333
  52   640  441.699980  0.533333
  52   659  0.000000  0.533333
  52   699  1101.102551  0.533333
  52   714  0.183469  0.533333
  53   525  78.266160  0.500000
  53   585  1288.112325  0.500000
  53   664  424.559515  0.500000
  54   979  977.527000  0.833333
  55   251  0.000000  0.633333
  55   891  1061.122348  0.633333
  55   979  458.943652  0.633333
  56   889  1160.642000  0.500000
  57   889  1272.579698  0.533333
  57   992  418.742888  0.533333
  57  1003  222.053414  0.533333
  58   627  1064.935018  0.533333
  58   888  390.589982  0.533333
  59   889  785.367894  0.500000
  59   986  370.629106  0.500000
  60   893  280.794488  0.416667
  60   896  644.470737  0.416667
  60   900  326.662775  0.416667
  61   624  514.677767  0.583333
  61   630  1327.353233  0.583333
  61   642  20.830000  0.583333
  62   629  100.148000  0.666667
  62   637  1380.201557  0.666667
  62   653  891.909443  0.666667
  63   902  883.773521  0.533333
  63   908  383.620048  0.533333
  63   947  245.126431  0.533333
  64   632  1783.747566  0.750000
  64   923  486.266434  0.750000
  64   925  0.000000  0.750000
  65   921  340.004748  0.866667
  65   926  2910.767222  0.866667
  65   936  1179.193030  0.866667
  66   998  753.284000  0.583333
  67   994  0.000000  0.833333
  67   995  75.253221  0.833333
  67   996  480.186779  0.833333
  68   986  572.546839  0.950000
  68  1002  1161.608081  0.950000
  68  1003  1537.076080  0.950000
  69   982  348.447750  0.583333
  69   985  114.483250  0.583333
  70   904  1847.677965  0.833333
  70   959  392.470000  0.833333
  70   960  9.150131  0.833333
  70   983  575.848905  0.833333
  71   949  158.672463  0.833333
  71   958  0.000000  0.833333
  71   985  596.588537  0.833333
  72   951  424.790353  0.916667
  72   957  217.044647  0.916667
  73   928  79.529000  0.583333
  73   940  575.765000  0.583333
  74   313  3731.348095  0.833333
  74   322  200.300000  0.833333
  74   842  0.000000  0.833333
  74   321  3536.218515  0.833333
  74  1020  2951.513390  0.833333
  75   848  421.742535  0.833333
  75   849  1629.346465  0.833333
  76   304  414.346644  0.833333
  76   849  474.903699  0.833333
  76   322  944.670657  0.833333
  77   849  401.139107  0.833333
  77   322  150.593893  0.833333
  78   848  28.273000  0.833333
  78   839  749.329000  0.833333
  79   304  0.026050  0.833333
  79   313  837.732950  0.833333
  80   304  0.027022  0.833333
  80   313  489.257978  0.833333
  81   848  61.745845  0.833333
  81   322  321.576000  0.833333
  81   247  1.780155  0.833333
  82   848  21.753000  0.833333
  82   247  0.000000  0.833333
  82   322  112.953000  0.833333
  83   848  10.808000  0.833333
  83   247  0.000000  0.833333
  83   322  59.565000  0.833333
  84   313  2009.462000  0.833333
  85   304  0.000000  0.833333
  85   849  481.282850  0.833333
  85   322  273.946935  0.833333
  85   313  1184.343215  0.833333
  86   849  8.249915  0.833333
  86   322  6.677861  0.833333
  86   313  30.654224  0.833333
  87   322  643.589651  0.833333
  87   849  327.517349  0.833333
  88   322  173.181318  0.833333
  88   313  179.645682  0.833333
  89   313  135.210000  0.833333
  90   304  0.059595  0.833333
  90   322  14.060000  0.833333
  90   321  277.404113  0.833333
  90   313  549.515292  0.833333
  91  1010  1164.255630  0.833333
  91   954  175.900000  0.833333
  91  1005  3219.261370  0.833333
  92  1006  5952.349249  0.833333
  92  1005  2460.793751  0.833333
  93  1006  691.893969  0.833333
  93  1005  175.288031  0.833333
  94   263  895.778775  0.833333
  94   999  1036.526225  0.833333
  95   988  877.692000  0.833333
  96  1005  0.065690  0.833333
  96  1006  32.190310  0.833333
  97   999  454.084000  0.833333
  98  1009  1261.281000  0.833333
  99  1006  119.732323  0.833333
  99  1005  47.074677  0.833333
 100  1006  0.000000  0.833333
 100  1007  0.000000  0.833333
 101   263  0.000000  0.833333
 102  1009  0.000000  0.833333
 103   849  0.000000  0.833333
 104   849  0.000000  0.833333
 105   313  0.000000  0.833333
 106   849  0.000000  0.833333
 107   849  0.000000  0.833333
 107   313  0.000000  0.833333
 108   849  0.000000  0.833333
 109   849  0.000000  0.833333
 110   999  0.000000  0.833333
 201   456  15.734000  1.000000
 202   204  1081.011284  0.186678
 203   456  1081.011284  0.186678
 204   203  1081.011284  0.173344
 205   206  2192.841496  0.267039
 205   214  0.000000  0.428571
 205   215  56.640894  0.514286
 205    10  58.783000  0.416667
 206   213  452.564402  0.200000
 206    10  10.770000  0.416667
 206    11  2017.905065  0.666667
 206   486  268.666432  0.266667
 207   201  15.734000  0.780000
 207   209  136.175492  0.240000
 207   215  11.579000  0.411429
 207    11  51.422935  0.666667
 208   209  33.999935  1.062857
 208   211  691.103437  0.960008
 208   273  3573.497688  0.229438
 208   277  0.000000  0.685714
 208    13  764.807172  0.666667
 209   207  67.155935  0.240000
 209   208  136.175492  1.062857
 210   211  2671.111984  0.615364
 210   212  33.156000  0.560000
 210    12  738.145834  0.833333
 210   469  532.006937  0.666704
 211   208  3256.671752  0.967767
 211   210  393.152011  0.573342
 211   233  846.875299  0.480221
 211   237  15.723808  0.291429
 211    13  477.486128  0.666667
 212   209  33.156000  0.560000
 213   214  3842.424001  0.201252
 213   454  536.298387  0.320000
 214   205  864.319049  0.428706
 214    10  2381.697000  0.416667
 214   468  1910.555492  0.293416
 214   475  109.739190  0.325714
 215   205  11.579000  0.514286
 215   207  56.640894  0.411429
 216   217  302.237481  0.171429
 216   221  0.000000  0.280000
 216   224  1070.124700  0.531906
 217   216  1070.124700  0.171582
 217   220  541.521813  0.154290
 217   222  302.237481  0.120000
 217   223  0.000000  0.188571
 217    12  0.000000  0.833333
 218   210  0.000000  0.420000
 219   222  1754.874650  0.269672
 219   223  1283.458782  0.188628
 220   221  1069.540405  0.171449
 221   218  0.000000  0.400000
 221   230  1069.540405  0.600072
 222   217  856.206323  0.120035
 222   225  1732.911343  0.155771
 222    12  741.281166  0.833333
 223   217  755.440191  0.189497
 223   220  528.018591  0.222858
 224   216  302.237481  0.531430
 224   228  0.000000  2.348571
 224   230  0.000000  0.257143
 224    13  1070.124700  0.666667
 225   222  1039.006107  0.154403
 225   228  1270.270260  0.617318
 225   234  462.641083  0.360011
 226   235  2615.092804  0.344977
 226   238  1078.430472  0.720933
 226   539  516.355228  0.533359
 227   229  38.053399  1.200000
 227   236  19.071333  0.308571
 227   603  1287.814087  0.722067
 228   225  1039.006107  0.617207
 228   227  1287.731435  0.514298
 228   235  114.445824  0.342857
 228    15  149.394337  0.833333
 229   227  19.032505  1.200000
 229   232  471.677658  1.426713
 229   597  379.840496  0.933345
 230   224  173.106506  0.257143
 230   231  1069.540405  0.274319
 231   230  173.106506  0.274286
 231   237  1069.540405  0.154304
 232   229  398.873002  1.426689
 232   231  157.382698  0.325714
 232   233  938.824658  0.120084
 233   211  760.035531  0.480135
 233   232  328.517700  0.120001
 233   243  1036.578000  0.428616
 234   533  1541.053283  0.228103
 235   226  0.000000  0.342857
 235   228  1188.400445  0.342900
 235   236  2664.768938  0.259285
 236   226  0.000000  0.222857
 236   227  0.121479  0.308571
 236   602  2683.718792  0.742771
 237   211  730.109131  0.291430
 237   231  15.723808  0.154286
 237   233  339.431273  0.257143
 238   234  1078.412201  0.120155
 238   235  1123.630754  0.926767
 238   242  0.018271  0.333333
 239   240  0.000000  0.240000
 239   576  374.009755  0.173333
 240   241  0.000000  0.300000
 240   242  0.000000  0.340000
 241   538  0.000000  0.213333
 241   574  0.000000  0.093333
 242   238  1123.630754  0.333850
 242   239  0.018271  0.173333
 242   240  0.000000  0.340000
 242   533  0.000000  0.257143
 243   232  694.885000  0.428578
 243   244  1036.578000  0.400435
 244   243  694.885000  0.400073
 244   245  0.000000  0.480000
 244   246  0.000000  1.133333
 244    14  1036.578000  0.583333
 245   244  0.000000  0.480000
 246   244  0.000000  1.133333
 247    81  0.000000  0.833333
 247    82  0.000000  0.833333
 247    83  0.000000  0.833333
 247   248  1.780155  2.238806
 248   247  0.000000  2.238806
 248   249  528.615165  0.447928
 248  1009  2305.448354  2.814735
 249   248  2303.668200  0.521014
 249   831  528.615165  2.866737
 250   255  1096.797894  0.720730
 250   853  1667.305281  0.957482
 250  1009  3685.484965  9.676734
 251   268  1044.729221  0.411806
 251   891  804.541752  0.121089
 251    55  0.000000  0.633333
 252   257  0.000000  0.942857
 252   263  967.580059  1.029134
 252   268  481.709281  1.601385
 253   255  3015.279364  0.629425
 253   262  2336.348610  1.161289
 253   266  58.170683  1.200001
 254   256  20.248485  1.200000
 254   267  118.907539  2.000004
 254   887  54.907000  1.800000
 254    39  139.532242  0.833333
 255   250  3259.514615  0.869019
 255   253  2394.519293  0.574541
 255   881  422.375157  3.086590
 255    33  550.364414  1.083333
 255    38  143.800000  0.783333
 256   254  28.233668  1.200000
 256   264  78.419168  1.200001
 256   266  321.194656  2.402338
 257   252  0.000000  0.942857
 257   269  241.840857  0.800046
 257   979  32.265559  0.685714
 258   259  0.000000  0.300000
 258   887  0.091239  0.900000
 259   258  0.091239  0.300000
 259   260  155.534000  1.400010
 259   265  1057.799223  0.600118
 259  1019  3827.375762  0.881651
 260   259  872.007969  1.429196
 260   646  0.000000  3.000000
 260   898  155.534000  0.900004
 261   887  101.466155  2.100011
 261    48  52.427000  0.750000
 262   253  3015.279364  1.278519
 262   263  2291.566920  1.691030
 262    38  715.261291  0.783333
 262    46  275.353326  1.083333
 263    94  343.273064  0.833333
 263   101  3478.189000  0.833333
 263   252  481.709281  1.028590
 263   262  2676.480044  1.762038
 263    46  481.957674  1.083333
 263   979  844.845763  1.208965
 264   256  349.428324  1.200639
 264   265  2955.367792  0.407566
 264   891  1275.724982  1.204691
 264    47  379.025420  0.666667
 265   258  0.000000  1.650000
 265   259  2955.367792  0.611350
 265   264  1057.799223  0.400078
 266   255  321.194656  1.351315
 266   256  58.170683  2.400002
 267   254  59.581573  2.000000
 267   871  1722.454788  0.738899
 267   879  0.576720  2.000000
 267    38  2130.133709  0.783333
 268   251  804.541752  0.403629
 268   252  967.580059  1.633179
 268   269  77.149162  1.200001
 269   257  32.265559  0.800000
 269   268  322.832470  1.200826
 269   889  44.894681  1.800000
 270   271  3547.843400  0.313314
 270   288  67.495719  0.600000
 270   299  79.496000  0.685714
 271   290  3547.843400  0.480007
 271   327  0.000000  0.857143
 272   202  437.469411  0.240000
 272     8  54.871000  0.666667
 272   281  202.087633  0.280000
 272   285  1325.804543  0.266809
 273   208  1469.836878  0.226720
 273   277  774.065990  0.400020
 273   278  3095.941992  1.461478
 274     7  691.269130  0.666667
 274   280  620.408467  0.200004
 274   282  331.127472  0.266667
 274   360  1055.470740  0.240000
 274   433  48.955000  0.257143
 275   284  0.000000  0.514286
 275   295  0.000000  1.000000
 276   290  5438.767063  0.244490
 276   314  2835.034847  0.360000
 277   273  1189.221138  0.400132
 277   285  650.404394  0.400009
 277     9  875.865000  0.500000
 278   273  577.126034  1.251482
 278   292  0.000651  0.666667
 278   310  3095.941992  1.923599
 279   282  27.609221  0.346667
 279   288  765.620564  0.266679
 279   428  0.000000  0.377143
 280   274  205.518522  0.200000
 280   283  689.165478  0.266674
 281   202  643.541873  0.308594
 281     7  228.513870  0.666667
 281   272  1230.228655  0.280107
 281   284  164.720393  0.280000
 282   274  1192.973467  0.266756
 282   279  300.432564  0.346667
 282   298  443.835000  0.257143
 282   360  0.000000  0.200000
 283     7  0.000000  0.666667
 283   280  139.884393  0.266667
 283   284  689.165478  0.266674
 283   437  24.836000  0.200000
 284   281  689.165478  0.280008
 284   283  164.720393  0.266667
 285   272  650.405045  0.266673
 285   277  1325.804543  0.400214
 286   270  3606.648189  0.303271
 286   326  80.340000  0.857143
 286    30  145.622000  0.666667
 287   286  3521.323400  0.454446
 287   354  1329.956412  0.360000
 287    32  0.036499  0.666667
 288   279  27.609221  0.266667
 288   287  829.626063  0.450012
 289   270  88.186931  0.120000
 289   354  6553.741690  0.682893
 290     1  2625.268568  1.083333
 290   276  2115.633564  0.240000
 290   289  6641.928621  0.734096
 291   292  0.000000  0.857143
 291   296  0.000000  1.885714
 292   291  0.000000  0.857143
 292   293  0.000000  0.266667
 292   294  0.000651  0.342857
 293   275  0.000000  0.800000
 293   292  0.000000  0.266667
 293   294  0.000000  0.171429
 294   283  0.000000  1.028571
 294   285  0.000651  0.600000
 295   275  0.000000  1.000000
 295   296  0.000000  1.200000
 295   297  0.000000  0.857143
 296   291  0.000000  1.885714
 296   295  0.000000  1.200000
 296   300  0.000000  2.571429
 297   295  0.000000  0.857143
 297   298  0.000000  0.257143
 297   299  0.000000  0.533333
 298     5  443.835000  0.500000
 298   274  593.426000  0.342858
 298   297  0.000000  0.257143
 299     5  79.496000  0.500000
 299   288  24.119000  0.685714
 299   297  0.000000  0.533333
 299   300  0.000000  1.000000
 300   296  0.000000  2.571429
 300   299  0.000000  1.000000
 300   316  0.000000  2.800000
 301     3  0.000000  1.083333
 301     4  0.000000  1.083333
 301   302  0.000000  1.260000
 301   306  0.000000  1.272000
 302     2  0.000000  1.666667
 302   301  0.000000  1.260000
 302   303  0.000000  3.480000
 302   304  0.000000  3.240000
 303   302  0.000000  3.480000
 303   304  0.000000  1.200000
 304     2  0.000000  1.666667
 304    76  15.715279  0.833333
 304    79  0.000000  0.833333
 304    80  0.000000  0.833333
 304    85  0.000000  0.833333
 304    90  0.000000  0.833333
 304   302  0.000000  3.240000
 304   303  0.000000  1.200000
 304  1020  414.459312  2.000001
 305   312  2356.638332  0.181848
 305   313  2115.748798  0.273578
 305   321  1545.102378  0.363645
 306     3  8599.022000  1.083333
 306     4  0.000000  1.083333
 306   301  0.000000  1.272000
 306   308  72.879593  1.080000
 306   310  669.006685  0.733338
 306  1020  234.980684  1.000000
 307     1  2633.230432  1.083333
 307   308  3007.998269  0.269742
 307   311  0.000000  0.133333
 307   312  754.874100  0.533475
 308   306  3007.998269  1.213837
 308   307  72.879593  0.240000
 308   309  0.000000  0.514286
 309   308  0.000000  0.514286
 309   310  0.000000  2.005714
 309   311  0.000000  1.542857
 310     5  91.880000  1.083333
 310   278  577.126685  2.060036
 310   306  3196.879992  0.741498
 310   309  0.000000  2.005714
 311   307  325.876475  0.133352
 311   309  0.000000  1.542857
 311   316  0.000000  0.428571
 312   305  753.220751  0.181818
 312   307  4899.960790  1.109077
 312   315  1.863462  0.266667
 313    74  1153.378486  0.833333
 313    79  93.510000  0.833333
 313    80  212.680000  0.833333
 313    84  1342.574000  0.833333
 313    85  234.506963  0.833333
 313    86  6.627171  0.833333
 313    88  186.995390  0.833333
 313    89  50.447000  0.833333
 313    90  94.497216  0.833333
 313   105  1208.793000  0.833333
 313   107  40.677851  0.833333
 313   305  1166.953357  0.267158
 313   312  2543.230426  0.282190
 313   315  5436.985653  0.244465
 314   276  5438.767063  0.366735
 314   315  2509.240423  0.540000
 314   316  325.876475  1.028652
 315   305  0.000000  0.200000
 315   312  0.302145  0.266667
 315   313  2508.938278  0.240000
 315   314  5438.849115  0.550104
 316     1  0.000000  1.083333
 316   300  0.000000  2.800000
 316   311  325.876475  0.428605
 316   314  0.000000  1.028571
 317   319  6524.289586  0.306055
 317   333  1488.599142  0.200179
 317   841  3575.613854  0.226932
 317    27  357.628000  0.666667
 318   332  3419.347757  0.267108
 318   334  1036.015000  1.029359
 319   317  5079.873347  0.301852
 319   321  8048.068872  0.571511
 319   334  261.330704  0.171429
 320   329  2677.448490  0.347102
 320   340  2780.603394  0.527488
 321    74  4233.564109  0.833333
 321    90  242.988784  0.833333
 321   305  4097.315400  0.364401
 321   319  4815.478007  0.547875
 321   335  543.247000  0.301016
 322    74  376.900000  0.833333
 322    76  207.650744  0.833333
 322    77  136.483021  0.833333
 322    81  119.058841  0.833333
 322    82  43.113838  0.833333
 322    83  26.446991  0.833333
 322    85  13.243348  0.833333
 322    86  0.000000  0.833333
 322    87  106.760120  0.833333
 322    88  14.906610  0.833333
 322    90  14.890000  0.833333
 322   318  4455.362757  0.159408
 322   335  0.000000  2.057143
 322   844  0.022089  0.500000
 322    26  283.065000  0.666667
 323   320  4822.286210  0.745939
 323   324  0.000000  0.133333
 323   833  0.000000  0.840000
 324   323  4822.286210  0.155543
 324   333  0.000000  0.266667
 325   323  0.000000  1.380000
 325   326  26.498534  0.908571
 325   334  1455.864525  1.032771
 325    29  1730.156000  0.750000
 325   340  899.773578  1.200116
 326   286  26.498534  0.857143
 326   325  80.340000  0.908571
 326   327  1589.402468  0.514724
 327   276  719.401283  0.413348
 327   290  1247.497232  0.334155
 327   331  0.000000  0.942857
 328   320  635.765674  0.360045
 328   330  219.337000  0.514286
 328    28  0.000000  0.666667
 328  1014  0.000000  0.737143
 329   328  219.337000  0.720000
 329   339  2677.448490  0.200251
 330   323  0.000000  0.900000
 330   833  219.337000  0.257143
 331   327  377.496047  0.943006
 331   335  610.176421  0.686890
 331    29  491.930000  0.750000
 332   333  3419.347757  0.828886
 332   851  416.634273  0.514286
 333   317  121.020648  0.200000
 333   324  4822.286210  0.311086
 333   332  149.864000  0.800000
 333    27  144.422000  0.666667
 334   319  2049.505330  0.175201
 334   325  436.934625  1.028583
 334   332  266.770273  0.685715
 335   321  525.799421  0.300888
 335   322  135.694000  2.057145
 335   331  491.930000  0.686121
 336   758  5569.986434  0.695639
 336   834  1658.597973  0.600154
 336  1016  5435.098282  0.287864
 336  1017  2435.636200  0.240579
 337   336  2497.572046  0.347534
 337  1015  570.045381  0.565737
 338   337  3067.617427  0.174414
 338   364  1085.767608  0.188577
 338   448  0.000000  0.600000
 339   329  207.677000  0.200004
 339   350  652.411936  0.360001
 339   367  4177.000181  0.391662
 339   448  689.893000  0.428573
 339    28  1692.614068  0.666667
 339  1014  1960.748381  0.324000
 340   325  2340.478480  1.073802
 340   351  851.864038  0.308574
 340   352  1612.750000  0.400143
 340    30  1364.564000  0.666667
 340   399  1344.723174  0.240022
 341   346  2919.350072  0.147397
 342   382  1191.589460  0.084000
 342   408  1078.165407  0.186674
 343   404  2948.373390  0.190158
 343   785  1319.782005  0.168000
 344   378  533.373566  0.186667
 344   383  1306.600072  0.173349
 345   354  0.000000  0.222857
 345   355  6768.051647  0.168000
 345   387  533.373566  0.200001
 346   326  1589.402468  0.720149
 346   353  1329.947604  0.200030
 347   371  1848.804558  0.186789
 347   399  2352.869167  0.466996
 347    32  1601.101549  0.666667
 347   446  1063.914929  0.200004
 348   389  2741.426913  0.175678
 348   444  988.075308  0.173340
 349   392  2132.280408  0.173473
 349   395  53.429766  0.173333
 349    37  0.201713  0.700000
 350   329  11.660000  0.200000
 350   339  421.204077  0.360000
 350   351  652.411936  0.291429
 351   340  652.388807  0.308572
 351   350  432.864077  0.291429
 351   398  419.023090  0.373334
 352   341  1612.750000  0.186733
 352   377  0.000000  0.373333
 353   287  3518.282440  0.202292
 354   345  6254.365473  0.156000
 354   425  1629.355077  0.200074
 355   345  0.000000  0.240000
 355   356  6401.401652  0.156000
 355   358  139.504838  0.200000
 355    32  366.649994  0.666667
 356   355  0.000000  0.222857
 356   417  256.875134  0.200000
 356   423  7181.801745  0.168003
 356    32  513.200958  0.666667
 357   345  1047.059740  0.200010
 357   425  401.485951  0.173334
 358   357  349.994951  0.186667
 358   429  134.391141  0.173333
 359   356  125.350949  0.200000
 359   358  344.881253  0.173334
 360   357  1098.550740  0.160010
 360   428  0.000000  0.240000
 360   435  0.000000  0.257143
 361   359  24.836000  0.173333
 361   430  48.955000  0.186667
 362   432  0.000000  0.257143
 362   434  0.000000  0.240000
 362   438  0.000000  0.173333
 363   440  499.393498  0.240000
 364   338  34.486058  0.188571
 364   758  1085.767608  0.291438
 364   779  0.000000  0.333333
 365   338  746.392302  0.253336
 365   368  227.243029  0.173333
 365   448  1766.424601  0.267178
 366   338  3372.506675  0.296118
 366   365  1993.667631  0.214033
 366   369  0.000000  0.222857
 366    31  1192.159729  0.616667
 367   365  746.392302  0.266678
 367   368  3689.944984  0.196122
 368   369  3060.157021  0.177153
 368   400  857.030993  0.360008
 369   768  3060.157021  0.190780
 370   367  259.337105  0.360000
 370   400  784.427149  0.186676
 371   398  1848.804558  0.173447
 371   399  0.000000  0.480000
 372   371  0.000000  0.240000
 372   374  0.023130  0.186667
 373   370  140.900134  0.173333
 373   372  0.000000  0.222857
 374   347  3015.116637  0.190516
 374   446  33.546574  0.066667
 375   373  140.900134  0.186667
 375   374  3048.640081  0.177089
 376   375  3048.640081  0.190711
 376   381  696.200388  0.173335
 377   378  0.000000  0.173333
 377   383  0.000000  0.186667
 378   347  533.373566  0.173334
 378   379  0.000000  0.186667
 379   380  0.000000  0.173333
 379   384  33.546574  0.186667
 380   381  115.975000  0.186667
 380   447  140.900134  0.066667
 381   405  850.680396  0.186751
 381   407  1025.409921  0.186676
 381   447  500.493934  0.200000
 382   405  861.328112  0.200002
 382   406  1319.779456  0.084000
 383   341  1306.600072  0.373367
 383   409  0.000000  0.173333
 384   344  1306.600072  0.186684
 384   411  29.992213  0.173333
 385   380  256.875134  0.186667
 385   384  1303.045711  0.173349
 386   353  2188.334836  0.375193
 386   354  0.022448  0.200000
 387   386  2188.357284  0.174197
 387   410  533.373566  0.186667
 388   343  2948.375938  0.176575
 388   442  718.900233  0.173339
 389   388  2741.426913  0.189192
 389   801  41.433684  0.186667
 390   382  989.518108  0.186669
 390   391  1394.842673  0.053369
 391   342  1078.165407  0.173340
 391   393  1459.439566  0.173476
 392   390  989.518108  0.200003
 392   391  1142.762301  0.186676
 392   443  41.433684  0.186667
 393   394  0.000000  0.186667
 393   421  1042.750812  0.186701
 393    37  1986.372798  0.700000
 394   392  41.433684  0.173333
 394   395  0.000000  0.173333
 395   396  53.429766  0.186667
 395   493  0.000000  0.186667
 396   422  2915.589920  0.176424
 396   464  53.429766  0.200000
 397   370  902.864120  0.173350
 397   372  0.023130  0.173333
 398   397  902.887250  0.186685
 398   445  1364.940398  0.200034
 399   340  2352.869167  0.240343
 399   347  1344.723174  0.600018
 399   351  0.000000  0.186667
 400   401  792.587738  0.173343
 400   402  848.870404  0.173337
 401   403  0.000000  0.222857
 401   808  792.587738  0.186677
 402   373  0.000000  0.240000
 402   376  848.870404  0.186670
 403   402  0.000000  0.222857
 403   404  0.000000  0.240000
 404   376  2895.970066  0.176322
 404   405  52.403323  0.274286
 405   381  500.493934  0.186675
 405   406  1832.370198  0.200125
 405   408  385.713000  0.188571
 405    31  673.132501  0.616667
 406   343  1319.779456  0.156000
 406   442  1832.370198  0.173442
 407   385  1303.045711  0.186683
 407   413  1071.222617  0.173343
 408   407  1348.858407  0.173351
 408   414  115.020000  0.222857
 409   386  0.000000  0.186667
 409   410  0.000000  0.173333
 410   344  533.373566  0.173334
 410   411  0.000000  0.186667
 411   412  0.000000  0.173333
 411   416  29.992213  0.186667
 412   385  256.875134  0.173333
 412   413  0.000000  0.186667
 413   414  463.637993  0.173334
 413   418  607.584624  0.186668
 414   415  463.637993  0.186668
 414   419  115.020000  0.240000
 415   342  1191.589460  0.156000
 415   393  1428.624175  0.173463
 416   355  29.969765  0.200000
 416   387  2188.357284  0.187597
 417   412  256.875134  0.186667
 417   416  2188.334836  0.174197
 418   417  2188.334836  0.187597
 418   423  943.073462  0.200007
 419   418  2523.823674  0.174961
 419   424  856.638676  0.257147
 420   415  2156.575641  0.168000
 420   419  3265.442351  0.192174
 421   420  3114.749351  0.177479
 421   474  843.591381  0.200014
 422   394  41.433684  0.186667
 422   421  2915.589920  0.189995
 423   356  387.850009  0.240001
 423   424  7743.568446  0.156009
 423   426  45.826752  0.200000
 424     6  950.756463  0.833333
 424   423  52.370000  0.222857
 424   427  135.676870  0.257143
 424   452  9456.445791  0.168293
 425     6  511.406689  0.833333
 425   279  465.188000  0.266668
 425   428  1621.584339  0.080029
 426   359  445.396201  0.186667
 427   426  399.569450  0.173333
 427   431  135.694067  0.222857
 428   279  0.000000  0.377143
 428   282  1578.504339  0.146714
 428   360  43.080000  0.240000
 429   361  0.000000  0.173333
 429   435  134.391141  0.066667
 430   362  0.000000  0.186667
 430   426  0.000000  0.173333
 430   431  48.955000  0.173333
 431   436  135.694067  0.240000
 431   449  48.955000  0.186667
 432   361  73.791000  0.120000
 432   435  0.000000  0.257143
 433   280  134.391141  0.200000
 433   434  48.955000  0.222857
 434   362  0.000000  0.240000
 434   432  73.791000  0.066667
 435   360  0.000000  0.257143
 435   432  0.000000  0.257143
 435   433  134.391141  0.133333
 436   362  0.000000  0.222857
 436   363  499.393498  0.222857
 437   434  24.836000  0.173333
 438   439  0.000000  0.186667
 439   284  0.000000  0.200000
 440   441  499.393498  0.222857
 441   281  499.393498  0.257143
 442   390  1394.842673  0.133423
 442   443  1156.427758  0.186682
 443   389  41.433684  0.173333
 443   444  1156.427758  0.173347
 444   349  988.075308  0.186674
 444   504  1156.427758  0.186682
 445   339  1364.940398  0.160027
 445   350  0.000000  0.200000
 446   347  500.493934  0.200000
 446   379  33.546574  0.093333
 446   447  1063.914929  0.160003
 447   375  140.900134  0.093333
 447   381  1063.914929  0.200004
 447   446  500.493934  0.160000
 448   338  0.000000  0.600000
 448   339  2098.601601  0.428921
 448    31  689.893000  0.616667
 449   477  209.285641  0.156000
 449   519  48.955000  0.173333
 450   492  0.000000  17.000000
 450   497  40.367499  0.173333
 450   507  424.068134  0.186667
 450    44  2597.748533  0.666667
 451   491  0.000000  13.000000
 451   495  2889.957876  0.156000
 452   420  2307.268641  0.180000
 452   424  18.330000  0.240000
 452   474  7782.863832  0.156002
 453   459  72.635379  0.462857
 453   468  2081.591975  0.132000
 453   475  10469.304781  0.240454
 454   213  733.282134  0.321712
 454   455  9549.139494  0.228091
 454   475  8.710135  0.257143
 454   513  355.443692  0.200000
 455   454  8.843108  0.325714
 455   471  4721.769761  0.168000
 455   520  5667.781555  0.180052
 455    44  1526.085232  0.666667
 456     6  127.464848  0.833333
 456     8  43.410000  0.666667
 456   488  309.735639  0.156000
 456   489  837.657992  0.240101
 457   490  4516.862801  0.269569
 457   507  305.409562  0.173351
 457   806  355.354907  0.186667
 458   460  3591.743998  0.362221
 458   505  4881.602509  0.176427
 458    37  2691.529933  0.700000
 459   453  8941.475150  0.324044
 459   464  0.000000  0.222857
 459   499  2256.402248  0.180000
 459    37  397.878556  0.700000
 460   348  3589.207461  0.195016
 460   803  1064.781141  0.168000
 461   457  4398.536197  0.252183
 461   508  1483.377943  0.156000
 462   450  0.000000  18.000000
 462   498  1370.041800  0.156000
 463   213  3192.875851  0.268622
 463   486  7008.807102  0.099552
 464   459  8019.549862  0.156003
 464   479  53.429766  0.200000
 464   517  0.000000  0.222857
 465   480  886.612992  0.120065
 465   484  278.805646  0.186667
 466   459  2938.606345  0.108000
 466   480  1259.469158  0.160413
 466   487  318.213432  0.173334
 467   349  862.679910  0.186669
 467   504  1020.853661  0.168000
 468   483  1105.882910  0.156000
 468   487  2886.264557  0.186994
 469   210  3191.706336  0.774473
 469   545  504.636937  0.377144
 469   547  27.370000  0.400000
 470   463  2459.599305  0.187094
 470   481  372.734040  0.186667
 471   455  441.888688  0.240002
 471   476  4586.737731  0.156000
 471   515  154.504884  0.200000
 472   462  0.000000  13.000000
 472   509  154.360667  0.186667
 473   461  3794.425210  0.183282
 473   819  484.028800  0.186667
 473    44  2415.700355  0.666667
 474     8  544.811000  0.666667
 474   452  442.731042  0.222859
 474   478  62.094352  0.200000
 474   517  8060.983546  0.168004
 475   214  1206.764730  0.326602
 475   453  8.710135  0.342857
 475   454  9368.151825  0.180052
 475   512  4.127417  0.257143
 476   471  88.627503  0.222857
 476   482  57.681189  0.200000
 476   568  4586.737731  0.168000
 477   427  399.586646  0.186667
 477   452  209.285641  0.180000
 478   477  399.586646  0.173334
 478   519  45.486985  0.173333
 479   465  41.510129  0.080000
 479   518  382.979278  0.173334
 480     8  651.114000  0.666667
 480   465  237.295516  0.120000
 480   466  1630.024378  0.161302
 480   479  371.059642  0.093334
 481   471  372.734040  0.200000
 481   482  0.000000  0.222857
 482   485  57.681189  0.186667
 482   569  0.000000  0.240000
 483   205  1424.096342  0.306690
 484   465  886.612992  0.186768
 484   489  278.805646  0.266668
 484   518  0.000000  0.200000
 485   470  2459.599305  0.187094
 485   546  57.681189  0.133333
 486   469  3191.706336  0.264000
 486   545  4085.767198  0.149915
 487   466  2886.264557  0.176280
 487   483  318.213432  0.280000
 488   436  363.699432  0.240000
 488   449  209.285641  0.168000
 489   215  0.000000  1.600000
 489   456  61.043197  0.240000
 489   484  837.657992  0.266779
 489   488  263.249434  0.222857
 490   458  4516.862801  0.284545
 490   506  0.000000  0.222857
 490   805  4.127417  0.240000
 491   467  0.000000  13.000000
 491   494  0.000000  0.222857
 492   451  0.000000  20.000000
 492   496  0.000000  0.222857
 492   506  4.127417  0.240000
 493   467  1883.533571  0.156000
 493   494  0.000000  0.173333
 494   495  0.000000  0.173333
 495   496  0.986608  0.266667
 495   511  2888.971268  0.168000
 496   492  4.127417  0.222857
 496   497  0.986608  0.213333
 496   512  0.000000  0.240000
 497   450  356.297326  0.173333
 497   498  0.000000  0.240000
 497   513  40.367499  0.186667
 498   500  0.000000  0.173333
 498   514  1370.041800  0.168000
 499   396  2915.589920  0.189995
 499   493  1883.533571  0.168000
 500   472  154.360667  0.173333
 500   503  90.805880  0.173333
 501   473  6096.789422  0.255243
 501   510  57.910047  0.173333
 502   472  0.000000  13.000000
 502   503  57.910047  0.173333
 503   516  57.910047  0.186667
 503   566  67.786629  0.186667
 503    44  90.805880  0.666667
 504   460  1062.244604  0.156000
 504   505  1115.036814  0.346691
 505   451  2889.957876  0.168000
 505   506  3106.681447  0.254995
 506   490  4.127417  0.222857
 506   492  0.000000  0.240000
 506   507  3106.681447  0.228153
 507   450  2596.761925  0.448868
 507   457  424.068134  0.173333
 507   508  815.329085  0.226671
 508   462  1370.041800  0.168000
 508   509  928.665228  0.173339
 509   473  267.713158  0.173333
 509   510  815.312736  0.173336
 510   502  57.910047  0.186667
 510   564  815.312736  0.186670
 511   453  3673.346851  0.180000
 511   499  2542.721243  0.350032
 512   475  0.000000  0.257143
 512   496  4.127417  0.240000
 512   511  3327.096826  0.275214
 513   454  733.282134  0.201070
 513   497  355.310718  0.186667
 513   512  3327.096826  0.220171
 514   455  1789.352805  0.180000
 514   513  4019.878487  0.272334
 515   500  245.166546  0.186667
 515   514  4439.189491  0.193542
 516   476  57.681189  0.200000
 516   515  4529.851154  0.195437
 517   422  41.433684  0.200000
 517   464  8019.549862  0.156003
 517   474  0.000000  0.240000
 518   478  382.979278  0.186667
 518   517  0.000000  0.200000
 519   484  48.955000  0.186667
 519   489  45.486985  0.186667
 520   463  5667.781555  0.168049
 520   481  0.000000  0.240000
 521   527  5288.355842  0.214199
 521   528  4865.034810  0.218970
 521   551  0.445021  0.240000
 521   555  4474.291291  0.220489
 521   682  0.000000  0.222857
 522   529  0.000000  14.000000
 522   551  0.000000  0.222857
 522   552  0.000000  0.222857
 522    45  0.000000  0.666667
 523   530  0.126109  0.240000
 523   542  0.000000  0.257143
 523   553  0.000000  0.257143
 523   581  4287.050686  0.156000
 524   536  5290.515119  0.228282
 524   657  26.778268  0.171429
 524   673  3184.456107  0.201411
 525   537  1286.584538  0.240371
 525   586  510.750134  0.200000
 525   595  4292.586151  0.168000
 525    53  302.146820  0.500000
 526   463  2074.302093  0.160628
 526   470  372.734040  0.066667
 527   521  4474.291291  0.206708
 527   528  2040.609684  0.066910
 527   716  5288.355842  0.214199
 528   548  1635.438346  0.173564
 528   563  5270.206148  0.216463
 529   549  1001.968492  0.173360
 529   565  0.000000  13.000000
 530   523  4287.050686  0.168000
 530   541  298.796586  0.200000
 530   568  256.318020  0.222857
 530    45  601.186430  0.666667
 531   570  2459.599305  0.173730
 531   572  89.462973  0.173333
 532   533  4149.276386  0.204746
 532   571  21.542000  0.106667
 533   219  3038.333432  0.367707
 533   242  1123.630754  0.257152
 533   571  2353.812326  0.400764
 533   573  373.991484  0.188572
 533    15  1912.987695  0.833333
 534   531  2250.265692  0.186953
 534   542  0.000000  0.240000
 534   573  1496.752522  0.223000
 535   555  6221.431688  0.228774
 535   559  963.871438  0.186673
 535   589  3959.584058  0.203749
 535   721  1935.657237  0.173480
 536   524  3184.456107  0.214839
 536   561  2519.000224  0.161478
 536   588  0.000000  13.000000
 536   589  5289.155830  0.213998
 537   525  3970.033399  0.168000
 537   540  0.134899  0.240000
 537   544  4724.270383  0.231327
 538   539  1967.831833  0.190186
 538   574  1490.359056  0.186718
 538    15  1882.528968  0.833333
 539   226  1426.692359  0.535744
 539   579  1057.494702  0.186670
 540   537  4049.140286  0.168000
 540   580  0.126109  0.222857
 540   584  335.462085  0.200000
 541   531  298.796586  0.186667
 541   542  0.000000  0.240000
 542   523  0.000000  0.257143
 542   534  0.000000  0.240000
 542   577  0.000000  0.222857
 543   540  75.287520  0.200000
 543   544  0.000000  0.240000
 544   538  4724.270383  0.215905
 544   579  0.000000  0.240000
 545   526  504.636937  0.066667
 545   547  4085.767198  0.299830
 546   526  1942.399196  0.213507
 546   547  57.681189  0.133333
 547   532  4170.818386  0.115974
 548   529  1001.968492  0.173360
 548   551  1448.782590  0.186707
 549   550  1001.968492  0.186695
 549   552  67.786629  0.186667
 550   530  103.974610  0.200000
 550   567  4361.931778  0.192029
 551   521  0.956275  0.240000
 551   522  0.000000  0.222857
 551    45  741.687970  0.666667
 551   556  707.539641  0.173335
 552   522  0.000000  0.222857
 552   553  0.000000  0.240000
 552   558  67.786629  0.173333
 553   523  0.000000  0.257143
 553   550  3463.937896  0.193934
 553   552  0.000000  0.240000
 554   521  5029.623524  0.224761
 554   726  727.736012  0.173340
 555   521  5123.255875  0.226276
 555   535  4299.755457  0.205575
 555   554  653.887225  0.106669
 555    45  1586.488600  0.666667
 556   535  1046.108909  0.173342
 556   555  19.077152  0.080000
 557   522  0.000000  13.000000
 557   556  357.646420  0.173334
 558   557  357.646420  0.173334
 558   560  61.997629  0.186667
 559   557  0.000000  14.000000
 559   560  963.871438  0.173340
 560   583  963.871438  0.186673
 560   587  61.997629  0.173333
 561   562  312.238404  0.186667
 561   585  2528.925224  0.188422
 562   524  304.006415  0.068571
 562   673  518.982123  0.200002
 563   501  5270.206148  0.233114
 563   716  310.677558  0.160000
 564   548  815.312736  0.186670
 564   563  310.677558  0.173333
 565   502  0.000000  14.000000
 565   564  310.677558  0.173333
 566   549  67.786629  0.173333
 566   565  310.677558  0.173333
 567   516  4529.622296  0.210465
 567   566  310.677558  0.186667
 568   476  88.627503  0.240000
 568   530  4709.015303  0.156000
 568   567  478.368076  0.200000
 569   541  0.000000  0.222857
 569   568  432.955130  0.200000
 570   485  2459.599305  0.187094
 570   569  432.955130  0.186667
 571   546  1942.399196  0.200163
 571   570  432.955130  0.173334
 571   572  0.000000  0.222857
 572   573  89.462973  0.240000
 573   239  373.991484  0.222857
 573   533  1586.215495  0.188732
 573   534  0.000000  0.222857
 574   543  75.287520  0.186667
 574   575  1415.071536  0.173371
 575   240  0.000000  0.186667
 575   576  3747.040694  0.189458
 576   534  3747.018214  0.175925
 576   577  374.032235  0.186667
 577   578  0.000000  0.240000
 577   581  374.032235  0.200000
 578   543  0.000000  0.222857
 578   575  2331.969158  0.186984
 579   525  1057.494702  0.200004
 579   538  0.000000  0.180000
 579   595  0.000000  0.514286
 580   540  4309.306061  0.156000
 580   578  2331.969158  0.200340
 580   581  0.126109  0.240000
 581   523  0.126109  0.222857
 581   580  4309.225501  0.168000
 581   582  351.857420  0.200000
 582   553  3463.937896  0.180082
 582   558  351.857420  0.186667
 583   580  2332.049718  0.200340
 583   582  3463.937896  0.187417
 584   583  4832.116175  0.201794
 584   587  892.002213  0.186684
 585   537  3358.713858  0.206707
 585   584  5388.656304  0.219654
 585    53  466.309232  0.500000
 586   562  510.750134  0.240000
 586   585  5396.641844  0.237162
 587   561  322.163404  0.173334
 587   588  631.836438  0.173337
 588   559  0.000000  0.173333
 588   589  631.836438  0.066668
 589   535  5729.544443  0.219944
 589   536  3959.584058  0.203749
 589   721  191.447825  0.133333
 590   535  2005.135612  0.186841
 590   554  5103.472311  0.227359
 591   594  1990.728696  0.339930
 591   595  0.000000  0.685714
 591   945  5121.805194  1.542494
 592   611  3153.913408  0.267356
 592   946  130.875021  1.200000
 593   600  95.375183  0.300000
 593   606  0.000000  0.300000
 593   607  0.000000  0.222857
 594   640  2259.643274  0.666781
 595   525  1286.273382  0.240371
 595   591  5381.257297  0.480001
 596   597  0.000000  0.771429
 596   599  814.681845  0.173344
 597   229  433.624259  0.933354
 597   598  147.649079  0.173333
 597    17  232.191417  0.666667
 598   597  413.775055  0.173337
 598   599  15.835028  0.737143
 598   619  131.814051  0.880000
 599   608  0.095517  0.222857
 599   610  830.421356  0.186679
 600   601  84.822079  0.171429
 600   609  0.000000  0.500000
 600   612  125.063417  0.560000
 601   604  2783.186145  0.347181
 601    16  2112.360999  1.000000
 602   603  606.311346  0.137144
 602   605  95.357843  0.222857
 602    16  2164.371001  1.000000
 603   227  38.053399  0.720000
 603   606  0.017339  0.280000
 603   621  1856.054695  0.343487
 604   226  2783.186145  0.782737
 605   593  95.357843  0.222857
 605   604  0.000000  0.240000
 606   593  0.017339  0.300000
 606   603  0.000000  0.280000
 606   605  0.000000  0.085714
 607   596  0.000000  0.222857
 607   606  0.000000  0.377143
 608   600  114.510313  0.257143
 608   607  0.000000  0.222857
 608    17  1273.622733  0.666667
 609   608  1273.622733  0.240069
 609   610  0.000000  0.222857
 610   614  830.421356  0.173345
 610   618  0.000000  0.908571
 611   601  4346.446463  0.363880
 612   592  130.875021  0.420000
 612   611  1192.533055  0.102879
 613   609  1273.622733  0.240069
 613   612  1198.344659  0.377223
 614   613  682.233195  0.222860
 614   616  824.609752  0.186679
 615   613  1789.734197  0.240368
 615   616  283.849776  0.222866
 616   615  0.000000  0.222857
 616   617  1076.198993  0.246721
 616   919  32.260534  1.066667
 617   614  676.421591  0.462863
 617   616  0.000000  0.240000
 617   618  413.775055  0.222914
 617    19  924.163268  0.833333
 618   617  131.814051  0.222857
 618   619  413.775055  0.137178
 619   598  413.775055  0.880042
 619   618  131.814051  0.137143
 619   918  0.000000  1.600000
 620   621  0.000000  0.771429
 621   596  814.681845  0.333354
 621   620  0.000000  0.771429
 621    17  1052.124850  0.666667
 622   623  1310.565488  0.481156
 622   883  737.783609  0.857266
 623   622  688.304796  0.480049
 623   636  2382.069085  0.347990
 623   646  1176.118040  1.030023
 623    50  368.460924  0.500000
 624   627  1367.125359  0.066912
 624   641  2613.582034  0.540216
 624   646  1451.572737  1.032725
 624    61  353.506940  0.583333
 625   629  1020.195775  0.600434
 625   641  425.932030  0.426676
 625   653  2822.063978  0.890739
 625    49  875.570804  0.750000
 626   638  4385.930153  0.149363
 626   640  5506.811394  0.465026
 626   658  0.000000  55.000000
 627   624  4029.737846  0.096967
 627   892  712.238131  0.666800
 627   899  343.565382  0.600002
 627    58  503.263105  0.533333
 628   630  1546.845147  0.532050
 628   642  238.317849  0.533352
 628   643  0.000000  1.000000
 629   625  509.868789  0.600014
 629   628  0.000000  1.100000
 629   632  825.602609  0.685738
 629   653  3337.738515  0.481504
 629    62  364.560507  0.666667
 630   628  238.317849  0.466683
 630   629  3917.426645  0.567991
 630   632  5901.469070  0.407667
 630   902  6520.236981  0.666361
 630    61  552.817060  0.583333
 630  1013  2906.625240  0.811305
 631   646  0.000000  0.300000
 631   899  219.593000  1.000002
 632   630  5964.762071  0.407994
 632   637  7349.097890  0.231913
 632   924  244.138822  0.411429
 632    64  898.232512  0.750000
 633   634  2332.372171  0.568912
 633   644  2380.915444  0.180003
 633    40  1195.206816  1.083333
 634   635  137.436000  0.257143
 634   649  1580.515719  1.086616
 634   667  1158.454995  0.560046
 634   885  1224.681002  0.686911
 635   634  931.143580  0.257259
 635   644  49.478813  0.428571
 635  1019  2638.123717  0.267517
 636   623  463.575792  0.333343
 636   645  2382.069085  0.240773
 636   650  0.000000  0.506667
 637   632  5945.412050  0.224321
 637   638  5780.107168  0.194514
 637   713  4742.632900  0.601282
 637    62  554.509985  0.666667
 638   626  5506.811394  0.181987
 638   637  5920.984161  0.201677
 638   923  1728.425538  0.426874
 639   947  62.913625  1.200000
 640   626  4385.930153  0.133488
 640   659  5163.292580  0.423056
 640    52  361.748814  0.533333
 641   624  417.576613  0.506676
 641   625  2243.832191  0.441003
 641   642  405.341562  0.600137
 642   628  1546.845147  0.608057
 642   641  27.236303  0.600000
 642   893  267.605300  0.733375
 642    61  19.005000  0.583333
 643   896  0.000000  0.600000
 644   622  1360.044301  0.401439
 644   635  1070.349956  0.343170
 645   636  47.160000  0.205714
 645   700  1292.380633  0.426873
 645  1018  2382.069085  0.267526
 646   260  0.000000  3.000000
 646   623  2452.616228  1.083493
 646   624  823.794844  1.028821
 646   631  219.593000  0.300011
 646    49  345.630196  0.750000
 647   656  364.528790  0.173333
 647   753  0.437853  0.222857
 648   647  0.000000  0.222857
 648   710  0.000000  0.222857
 649   634  137.436000  1.080000
 649   665  0.000000  0.274286
 649   679  1655.045719  0.343215
 649   683  31.040306  0.171429
 649   885  392.826618  1.000022
 650   636  416.415792  0.506676
 651   740  0.000000  0.222857
 652   650  416.415792  0.080000
 652   701  3629.637126  0.181537
 652    50  243.501281  0.500000
 653   625  345.949097  0.805717
 653   706  3438.547044  0.802107
 653   712  3613.164892  0.208965
 653    62  317.008508  0.666667
 654   704  399.501475  0.173333
 654   751  3393.446518  0.179179
 655   629  0.000000  1.140000
 655   708  3071.965712  0.544894
 655   712  135.880560  0.253333
 655    51  541.199180  0.583333
 656   654  720.982281  0.186668
 656   709  0.000000  0.173333
 657   536  0.000000  14.000000
 657   671  26.778268  0.222857
 658   672  0.000000  0.173333
 658   756  0.000000  13.000000
 659   673  11182.928783  0.805684
 659    52  136.928697  0.533333
 660   666  3719.441811  0.196240
 660   680  4.135000  0.222857
 660   681  0.000000  0.240000
 661   647  364.966642  0.173333
 661   754  5128.594387  0.211726
 662   668  3830.409740  0.211718
 662   693  0.000000  0.222857
 663   669  5099.347667  0.226976
 663   695  0.000000  0.222857
 664   591  1731.276593  0.471333
 664   594  268.914578  0.200000
 664    53  495.505948  0.500000
 665   649  105.570306  0.274286
 665   677  715.311135  0.306677
 666   678  2020.240973  0.187329
 666   717  5355.748649  0.218280
 666    42  0.282276  0.666667
 667   651  0.000000  0.274286
 667   688  1189.336083  0.160015
 668   690  1171.474117  0.186683
 668   730  4173.399954  0.188195
 668    43  0.000000  0.583333
 669   670  1802.532401  0.186775
 669   722  4528.340486  0.195452
 670   536  1742.512984  0.200357
 670   671  1519.740057  0.186722
 671   663  0.287503  0.240000
 671   698  1546.230822  0.186726
 672   661  0.022809  0.186667
 672   711  2361.189864  0.173688
 673   524  5013.286971  0.204091
 673   664  2071.137604  0.466845
 673   720  7771.586372  0.260249
 673   750  2347.263772  0.174450
 674   675  403.912456  0.186667
 674   778  4951.836193  0.284105
 675   676  403.912456  0.133334
 675   718  675.365507  0.186672
 676   715  910.714193  0.053339
 676   716  4497.353030  0.206808
 676   777  6524.349404  0.235990
 676    42  1174.580942  0.666667
 677   741  3761.733106  0.154761
 678   681  675.365507  0.186672
 678   719  2020.240973  0.173948
 679   649  530.262618  0.342858
 679   677  3046.421971  0.190700
 679   680  0.000000  0.342857
 679    42  956.404088  0.666667
 680   660  0.000000  0.222857
 680   679  4.135000  0.342857
 680   685  104.903020  0.173333
 681   660  4.135000  0.240000
 681   682  0.000000  0.222857
 681   687  671.230507  0.173338
 682   521  0.000000  0.222857
 682   681  0.000000  0.222857
 682   719  0.496380  0.240000
 683   738  31.040306  0.205714
 684   679  2643.541957  0.175327
 684   683  0.000000  0.200000
 685   684  165.571618  0.173333
 685   732  124.009335  0.186667
 686   660  3719.441811  0.182223
 686   685  184.677933  0.173333
 687   686  184.854209  0.186667
 687   727  1397.043261  0.186792
 687    42  489.386695  0.666667
 688   689  1140.958637  0.173347
 688   736  3042.434958  0.177057
 688    43  608.441033  0.583333
 689   668  1140.958637  0.173347
 689   693  105.062238  0.200000
 689    43  19.106315  0.583333
 690   691  1231.493533  0.173352
 690   694  974.746355  0.200027
 691   669  1231.525220  0.173352
 691   724  0.406166  0.222857
 692   651  0.000000  0.171429
 692   688  3395.244969  0.207048
 693   692  0.000000  0.222857
 693   734  105.062238  0.186667
 694   662  0.000000  0.240000
 694   696  974.746355  0.173357
 695   691  0.437853  0.257143
 695   694  0.000000  0.222857
 696   723  1585.998898  0.173391
 696   745  1604.498166  0.173547
 696    43  173.421538  0.583333
 697   663  5099.060165  0.226966
 697   698  1616.028849  0.186735
 698   699  1780.355535  0.173429
 698   748  1381.904135  0.173367
 699   657  0.000000  14.000000
 699   673  2316.907707  0.173642
 699    52  564.550379  0.533333
 700   650  0.000000  0.240000
 700   701  1997.326557  0.093420
 700    50  345.116795  0.500000
 701   702  1396.224756  0.173366
 701   743  4230.738928  0.189535
 702   704  198.823007  0.173333
 702   751  1719.077639  0.173416
 702    51  992.619766  0.583333
 703   729  4003.730548  0.185604
 703   744  2021.480892  0.173501
 704   652  71.247438  0.173333
 704   707  527.077045  0.173335
 705   640  1702.816898  0.534142
 705   658  0.000000  0.173333
 706   652  4218.306762  0.189320
 706   707  0.000000  0.222857
 706    51  0.000000  0.583333
 707   708  0.000000  0.222857
 707   712  527.077045  0.693339
 708   654  3071.965712  0.177090
 708   709  0.000000  0.240000
 709   648  0.000000  0.222857
 709   655  0.000000  0.860000
 710   661  5493.538220  0.225306
 710   711  652.890440  0.240001
 710    51  334.266054  0.583333
 711   714  3014.080304  0.456049
 712   653  662.957605  0.200005
 712   655  3613.164892  0.264689
 713   710  4726.475790  0.461565
 713   714  16.157110  0.257143
 714   638  2990.183772  0.295030
 714   640  0.000000  0.514286
 714   658  0.000000  1.000000
 714    52  40.237110  0.533333
 715   501  884.493321  0.186683
 715   819  26.220872  0.240000
 716   527  4497.353030  0.206808
 716   676  5602.222808  0.218318
 716   718  0.000000  0.213333
 717   674  5355.748649  0.218280
 718   678  675.365507  0.173361
 718   717  0.000000  0.186667
 719   527  2017.547945  0.120423
 719   716  3.189408  0.240000
 720   586  5396.641844  0.237162
 720   595  2374.944528  0.200437
 721   670  1459.720640  0.173376
 721   722  667.384422  0.186671
 722   590  5726.431963  0.236325
 722   724  74.687224  0.173333
 722    43  689.119115  0.583333
 723   695  0.437853  0.240000
 723   697  1585.998898  0.173391
 724   725  73.517838  0.222857
 724   728  1.575553  0.173333
 725   590  1382.175960  0.173364
 725   726  73.793958  0.240000
 726   682  0.496380  0.222857
 726   687  801.033589  0.173343
 727   725  1382.452080  0.173364
 727   728  1034.765772  0.173364
 728   690  1034.765772  0.173364
 728   730  1.575553  0.186667
 729   662  3830.409740  0.197603
 729   696  1345.800909  0.186696
 730   731  4174.975507  0.188220
 730   733  0.000000  0.173333
 731   686  3719.265535  0.196238
 731   727  1020.174591  0.186675
 732   731  564.464619  0.173334
 732   733  124.168553  0.173333
 733   689  124.168553  0.173333
 733   736  0.000000  0.173333
 734   729  1172.480102  0.173348
 734   744  105.062238  0.173333
 735   692  3395.244969  0.193245
 735   734  1172.480102  0.173348
 736   737  3042.434958  0.177057
 736   739  0.000000  0.173333
 737   684  2477.970339  0.188277
 737   732  564.623837  0.173334
 738   737  0.159218  0.186667
 738   739  30.881088  0.222857
 739   667  30.881088  0.222857
 740   735  3294.853567  0.121024
 740   742  0.000000  0.240000
 741   666  3656.830086  0.181769
 741   680  104.903020  0.186667
 742   700  322.745055  0.222857
 742  1018  4084.446638  0.545124
 743   735  1272.871504  0.173412
 743   742  4407.191694  0.109974
 744   702  677.218859  0.173338
 744   743  1449.324270  0.173372
 745   703  1794.269356  0.186773
 745   752  454.895128  0.173334
 746   723  0.437853  0.222857
 746   745  644.666318  0.173334
 747   697  5129.090115  0.211743
 747   746  644.666318  0.173334
 748   747  644.535327  0.186668
 748   755  1381.815682  0.173367
 749   699  0.000000  13.000000
 749   748  644.446874  0.173334
 750   749  644.446874  0.173334
 750   757  1702.816898  0.173596
 751   703  4230.942083  0.189034
 751   752  881.582074  0.186671
 752   656  356.453491  0.173334
 752   753  980.023710  0.173340
 753   746  0.437853  0.222857
 753   754  980.023710  0.173340
 754   747  5129.221107  0.211747
 754   755  979.396991  0.186674
 755   672  2361.212673  0.173688
 755   756  0.000000  0.173333
 756   749  0.000000  13.000000
 756   757  0.000000  0.173333
 757   705  1702.816898  0.173596
 758   336  5725.056436  0.703439
 758   364  34.486058  0.291429
 758   779  1600.365068  0.192000
 758   786  4863.561733  0.209726
 758    35  2290.855000  0.750000
 759   765  577.968170  0.240000
 759   772  3386.412992  0.242363
 760   761  730.671421  0.257143
 760   782  3392.425698  0.420000
 760    35  161.291677  0.750000
 761   781  2838.698668  0.365261
 761   868  43.223326  0.102857
 761   869  1777.283912  0.215882
 761    41  1370.438952  0.916667
 762   766  6488.919319  0.281815
 762   775  2062.047839  0.120090
 762   793  6006.646143  0.404309
 762   813  2642.589153  0.334414
 762   817  353.394721  0.173357
 762   865  588.681299  0.666676
 763   764  5657.696594  0.145850
 763   781  1746.734031  0.202207
 763   793  6794.328881  0.161829
 763    36  1911.363990  0.616667
 764   763  3875.553710  0.135722
 764   780  5882.283074  0.072001
 764   791  5051.316044  0.211399
 764    36  175.090702  0.616667
 765   760  698.029189  0.462858
 765   975  1387.055926  0.204000
 766   762  6795.693176  0.291739
 766   777  5448.188766  0.215818
 766   818  2061.268060  0.053394
 767   765  1507.116944  0.288000
 767   772  4923.994868  0.224148
 767   791  5498.149911  0.202398
 767    36  269.084528  0.616667
 768   366  3604.688378  0.243059
 768   790  4105.162630  0.187284
 769   771  1008.124859  0.186696
 769   772  3531.596137  0.202320
 769   786  5289.780883  0.213945
 770   773  3836.002655  0.183763
 770   789  147.590373  0.222857
 771   758  0.000000  0.480000
 771   759  577.968170  0.205714
 771   974  430.156689  0.994286
 772   767  5767.234439  0.235533
 772   769  5248.176189  0.213464
 772   810  826.593370  0.160003
 773   774  3136.669467  0.191256
 773   796  819.830772  0.173336
 774   792  3472.258306  0.180026
 774   811  1078.296927  0.156000
 775   868  2062.047839  0.911695
 776   762  4198.349729  0.246249
 776   766  1020.537507  0.133340
 777   675  675.365507  0.200005
 777   676  5620.349372  0.218334
 777   766  6795.693176  0.243116
 777   778  0.319508  0.200000
 778   776  5218.887236  0.180744
 779   783  521.893298  0.168000
 779   787  812.759252  0.173336
 779    31  1078.471770  0.616667
 780   763  2813.016057  0.121787
 780   812  6541.525322  0.156012
 781   761  1746.734031  0.337012
 781   763  2547.303069  0.211706
 781   782  291.395599  0.240000
 782   764  3683.821297  0.120000
 783   366  1876.993711  0.160401
 783   768  162.931747  0.156000
 784   768  4486.762241  0.156000
 785   403  0.000000  0.240000
 785   808  1319.782005  0.156000
 786   758  5452.419786  0.215957
 786   769  3739.676065  0.202993
 786   787  1443.653567  0.133441
 787   769  694.059252  0.186668
 787   788  1562.353567  0.186881
 788   783  1518.032160  0.173502
 788   790  742.984631  0.173341
 788    36  780.527640  0.616667
 789   769  147.590373  0.186667
 789   788  706.095785  0.186673
 790   770  3942.159344  0.199351
 790   794  905.987918  0.173350
 791   764  5498.149911  0.216855
 791   767  5051.316044  0.197305
 791   792  0.000000  0.205714
 792   780  3472.258306  0.166178
 793   762  6792.700663  0.436856
 793   763  6011.351308  0.149802
 793   813  1.628218  0.154286
 794   784  2382.553087  0.174595
 794   809  917.688669  0.173351
 795   770  41.433684  0.173333
 795   794  2394.253838  0.188056
 796   795  2394.253838  0.174623
 796   815  140.294760  0.173333
 796    36  984.018140  0.616667
 797   774  1413.885766  0.156000
 797   796  2680.541965  0.188961
 798   799  635.340592  0.253335
 798   804  6462.191507  0.156009
 799   805  0.000000  0.222857
 799   813  4.127417  0.222857
 799   817  636.968810  0.253335
 800   388  925.849258  0.186687
 800   785  0.000000  0.222857
 801   800  0.000000  0.240000
 801   814  41.433684  0.186667
 802   348  140.294760  0.186667
 802   801  0.000000  0.222857
 803   802  0.000000  0.240000
 803   816  2008.423103  0.156000
 803    37  0.000000  0.700000
 804   458  6462.191507  0.198382
 804   803  0.000000  0.445714
 805   490  0.000000  0.240000
 805   799  4.127417  0.222857
 805   804  0.000000  0.325714
 806   457  355.022939  0.186693
 806   805  0.000000  0.325714
 806   817  355.354907  0.173333
 807   461  2087.488931  0.168000
 807   806  0.000000  0.291429
 808   784  2104.209154  0.156000
 808   809  8.160589  0.173333
 809   800  925.849258  0.173352
 809   808  0.000000  0.173333
 810   773  120.497584  0.173333
 810   789  706.095785  0.173339
 811   767  1078.296927  0.060000
 811   810  0.000000  0.186667
 812   797  2211.454960  0.348467
 812   798  6972.081767  0.156035
 813   793  4.705166  0.154286
 813   799  1.628218  0.222857
 813   812  2642.011405  0.242793
 814   795  41.433684  0.173333
 814   815  0.000000  0.173333
 815   802  140.294760  0.173333
 815   816  0.000000  0.186667
 816   797  1882.972771  0.156000
 816   798  125.450332  0.346667
 817   762  355.534906  0.173333
 817   806  355.022939  0.173358
 817   818  635.160593  0.213335
 818   777  635.160593  0.186668
 818   807  2061.268060  0.173530
 819   777  484.028800  0.146667
 819   807  26.220872  0.222857
 820   826  1100.450010  0.171604
 820   827  263.947633  0.548572
 820   831  2858.628035  4.813154
 821   824  3529.957096  0.540000
 821   830  2719.819369  0.135104
 821   832  0.000000  1.100000
 821   840  4815.466361  0.456000
 821    25  1617.547000  1.250000
 822   828  0.148933  0.514286
 822   837  220.629996  0.257146
 822   838  1687.925937  1.010451
 823   829  4461.395686  1.152525
 823   830  4478.092514  0.596420
 823   836  753.692497  0.160042
 823    23  1671.083880  1.083333
 824   821  5601.766696  0.540003
 824   825  833.719788  0.533553
 824    27  961.928000  0.666667
 824  1016  6227.669428  0.609595
 825   328  396.317492  0.360005
 825   833  1358.745199  0.548788
 825    28  841.971932  0.666667
 826   820  1065.001089  0.171579
 826   838  666.648676  0.501896
 826   839  1246.048010  1.459901
 827   820  1655.670433  0.552726
 827   828  70.903041  1.100000
 827   854  728.006882  0.600081
 827    24  617.690537  1.166667
 828   822  220.629996  0.514286
 828   852  26.183407  0.685714
 829   823  4361.172516  1.095961
 829   834  1013.309863  0.616487
 829   852  3802.771374  0.541402
 830   821  1585.303489  0.133489
 830   823  4604.038623  0.605709
 830   847  4328.898627  0.540214
 831   249  2303.668200  3.334491
 831   826  316.957278  1.400170
 831   827  338.793722  1.800012
 831    22  920.413000  1.166667
 832   324  0.000000  0.533333
 832   833  404.569635  0.171430
 832   846  1487.932199  0.342909
 832    27  90.150000  0.666667
 833   825  404.569635  0.548576
 833   832  1578.082199  0.171463
 834   758  1013.309863  0.514337
 834   856  1658.597973  0.772243
 835   821  880.828071  0.668579
 835   845  643.955117  0.942867
 835    23  338.192842  1.083333
 836   822  1688.074870  0.943919
 836   823  458.645095  0.160004
 836   824  1698.724378  0.605644
 836   835  0.000000  0.514286
 836    23  1871.158008  1.083333
 837   835  1494.670729  0.600093
 838   820  1502.354156  0.578507
 838   837  1274.040732  0.912296
 838    24  681.128884  1.166667
 839    78  747.572000  0.833333
 839   826  1560.290487  1.465584
 839   845  548.318320  1.371474
 839   848  633.581127  1.714301
 839    23  765.846270  1.083333
 840   821  2518.325570  0.456000
 840   843  5051.098707  1.113369
 840   845  511.736692  0.051430
 840   847  385.624000  0.822862
 840   850  0.000000  1.700000
 841   317  5979.189586  0.229694
 841   846  541.170015  0.257151
 841   847  3320.328856  0.266886
 841    25  559.941000  1.250000
 842    74  0.000000  0.833333
 842   322  0.000000  0.548571
 843   840  2355.631251  1.055357
 843   849  5167.210707  0.382700
 843   850  40.563000  1.066667
 844   322  378.947512  0.500001
 844   842  0.000000  0.634286
 844   850  219.525921  0.666667
 844    26  40.563000  0.666667
 845   839  511.736692  1.371461
 845   840  1192.273437  0.051508
 846   832  404.569635  0.342857
 846   841  1454.432977  0.257177
 846   851  799.545239  1.200008
 847   830  3320.328856  0.540002
 847   841  4714.522627  0.267823
 848    76  129.899889  0.833333
 848    78  58.870000  0.833333
 848    81  86.950159  0.833333
 848    82  31.528162  0.833333
 848    83  17.384009  0.833333
 848   839  1299.336514  1.714827
 848   849  451.159711  0.857472
 849    75  2464.078000  0.833333
 849    76  565.726088  0.833333
 849    77  639.369979  0.833333
 849    85  627.327689  0.833333
 849    86  11.566829  0.833333
 849    87  432.816880  0.833333
 849   103  198.625000  0.833333
 849   104  158.886000  0.833333
 849   106  268.268000  0.833333
 849   107  115.764149  0.833333
 849   108  128.320000  0.833333
 849   109  148.913000  0.833333
 849   843  2396.194251  0.360746
 849   848  897.224938  0.866893
 849    25  167.923000  1.250000
 850   840  103.413921  1.700000
 850   843  116.112000  1.066667
 850   844  40.563000  0.666667
 851   844  378.947512  0.342857
 851   846  629.445637  1.200079
 851    26  837.232000  0.666667
 852   828  175.761429  0.685714
 852   829  4715.858067  0.765134
 852   855  3077.604087  0.300018
 852   856  725.362709  0.377193
 853   250  2455.400370  2.111980
 853   860  1710.231467  0.588105
 854   827  1983.556292  0.611120
 854   852  0.000000  1.560000
 854   857  728.006882  0.377194
 855   852  3961.022497  0.313740
 855   857  354.803493  1.165715
 855   859  4367.426182  0.383513
 855    24  4340.191579  1.166667
 856   852  904.609014  0.377291
 856   855  2459.523678  0.345378
 856   962  822.558577  0.634442
 857   854  1983.556292  0.384132
 857   858  1082.810375  0.257396
 858   857  1983.556292  0.261908
 858   859  14.798705  1.080000
 858   961  338.151126  0.325715
 858    33  744.659249  1.083333
 859   855  5005.886391  0.414814
 859   858  0.000000  1.080000
 859   964  4367.426182  0.354012
 860   872  2102.515185  0.334051
 860   963  1709.844772  0.311347
 861   863  2195.858154  0.101602
 861   870  4344.228567  0.499251
 862   873  3398.046407  0.564000
 863   876  3049.980342  0.205202
 864   869  3373.701774  0.156852
 864   870  2187.335397  0.420002
 864   875  0.070050  0.394286
 864   967  443.029808  0.466667
 864   977  346.597309  0.377144
 865   866  43.223326  0.560000
 865   875  588.681299  0.426671
 866   665  820.881441  0.900360
 866   778  266.731536  0.940002
 866    41  0.028444  0.916667
 867   861  0.000000  0.420000
 867   882  1964.378156  0.533604
 868   865  43.223326  0.380000
 868   869  2062.047839  0.240000
 869   761  1901.606201  0.216776
 869   864  2629.462599  0.156013
 869    35  3111.528252  0.750000
 870   861  2195.858154  0.360001
 870   864  3720.369132  0.431907
 870   967  0.378370  0.548571
 870    34  1749.566758  0.916667
 871   267  1425.795071  0.600236
 871   872  1164.768103  0.537620
 871   880  1782.075068  1.259023
 872   853  2498.326556  0.508646
 872   871  768.956733  0.517034
 873   879  7452.696557  0.562359
 873   886  3885.573043  0.300000
 873    39  1287.632282  0.833333
 874   965  4908.334934  0.551148
 875   863  854.122187  0.666717
 875    41  8.854437  0.916667
 876   862  1438.353217  0.201058
 876   866  0.102063  2.000000
 876   878  2908.102113  0.480905
 877   861  4344.228567  0.264689
 877   876  1291.892085  0.200633
 878   879  1.137285  0.171429
 878   881  2906.964828  0.423106
 879   267  594.640399  2.007161
 879   874  3719.195361  0.806965
 879   877  3140.574803  0.404053
 880   871  221.060217  0.942868
 880   874  1189.139574  0.686749
 880   877  2495.545849  0.345567
 880    39  143.321198  0.833333
 881   255  1350.325447  3.323785
 881   871  1660.166506  1.074207
 881   880  365.860879  0.257144
 881    39  56.514278  0.833333
 882   862  1959.693190  0.156000
 882   876  4.684967  0.137143
 883   622  0.000000  0.857143
 883   633  0.000000  0.205714
 883   873  2144.191829  1.405194
 883   887  0.000000  3.000000
 883    40  847.164184  1.083333
 884   633  2227.838260  0.550733
 884   883  0.000000  0.666667
 885   665  0.000000  1.340000
 885   884  472.738942  0.580030
 885    41  1447.570168  0.916667
 886   634  700.135964  0.857148
 886   635  1430.337761  0.800267
 886   884  1755.099318  0.204297
 887   254  203.067539  1.800046
 887   261  52.427000  1.400000
 887   265  0.000000  4.000000
 887   883  109.380575  3.000003
 887    47  62.945580  0.666667
 888   892  805.303846  0.093366
 888    58  302.790895  0.533333
 889   269  81.002691  1.800000
 889   892  3865.937120  1.801350
 889   980  1099.145370  0.686894
 889    56  201.889000  0.500000
 889    57  232.904680  0.533333
 889    59  161.570769  0.500000
 890   891  636.495334  0.617186
 890   898  1957.043660  0.261657
 890    48  616.280000  0.750000
 891   251  1044.729221  0.123542
 891   264  1604.788428  1.596172
 891   890  808.572767  0.617282
 891    55  319.794000  0.633333
 892   627  2486.422259  0.702068
 892   888  302.790895  0.093334
 892   889  1195.574329  1.202710
 892   893  2010.953550  0.386267
 893   642  1196.202340  0.766083
 893   892  472.871033  0.266860
 893   894  703.548496  0.685791
 893    60  186.731470  0.416667
 894   896  703.548496  0.257172
 895   892  139.390904  0.874286
 895   894  0.000000  0.291429
 896   902  1348.019232  0.257849
 896    60  0.000000  0.416667
 897   895  139.390904  0.257143
 897   896  0.000000  0.291429
 898   260  872.007969  0.911556
 898   890  718.692382  0.257175
 898   899  1085.035691  0.943764
 899   627  670.321827  0.600054
 899   888  414.713864  0.900025
 899   898  563.158382  0.942893
 900   897  52.531694  0.102857
 900   902  6904.156871  0.261081
 900   909  4313.221722  0.432505
 900   990  2804.512912  0.947232
 900    60  320.095530  0.416667
 901   905  0.000000  0.857143
 901   906  964.016820  0.571410
 901   909  0.000000  0.500000
 902   630  8358.043664  0.710297
 902   900  6513.764205  0.228604
 902   903  0.000000  1.000000
 902   908  0.000000  0.340000
 902    63  784.378736  0.533333
 903   639  62.913625  0.260000
 904   903  62.913625  0.300000
 904   905  1787.243043  0.502722
 904    70  34.713044  0.833333
 905   908  1787.243043  0.242693
 906   901  0.000000  0.560000
 906   904  2.478704  0.880000
 906   910  0.000000  0.480000
 906   959  964.016820  0.501576
 907   897  86.859210  0.188571
 907   900  5425.747362  0.115981
 908   900  2128.344387  0.193573
 908   909  0.000000  1.340000
 908    63  42.518704  0.533333
 909   901  964.016820  0.510187
 909   983  3349.204902  0.281127
 910   906  0.000000  0.480000
 910   950  0.000000  1.380000
 910   960  0.000000  0.257143
 911   925  2732.403169  0.568762
 911   926  2346.602980  0.187018
 912   914  4653.278257  0.980848
 912   937  4296.522005  0.278850
 912   942  328.572572  0.171429
 913   920  602.485241  0.188573
 913   943  752.725754  0.775109
 913  1008  0.000000  0.514286
 914    18  80.331340  0.916667
 914   912  471.897338  0.840002
 914   917  0.000000  0.771429
 914   931  3090.651592  0.806403
 914   946  2778.203951  0.261536
 915    21  12.443000  0.500000
 915   916  1165.363513  0.333939
 915   943  46.319000  0.942857
 916    20  728.350000  0.750000
 916   915  58.762000  0.333333
 916   932  1085.177660  1.068087
 916   934  70.547099  0.942857
 917   914  1105.197286  0.771574
 917   935  0.000000  0.685714
 917   937  0.000000  0.600000
 918   619  0.000000  1.600000
 918   919  0.000000  0.514286
 919    19  0.000000  0.833333
 919   918  0.000000  0.514286
 919   931  0.000000  0.222857
 919   932  85.474534  0.360000
 920   913  752.725754  0.188577
 920   929  120.800319  0.274286
 920   933  481.684922  0.274287
 921   922  1144.359224  0.580593
 921   936  685.424078  0.200784
 921   938  5397.326674  0.346228
 921    65  325.658000  0.866667
 922   921  156.393096  0.560003
 922   927  1725.874577  0.573610
 922   939  1817.634269  0.533655
 922   948  695.074002  0.468534
 923   911  2346.602980  0.806226
 923   925  0.000000  0.600000
 923    64  112.227814  0.750000
 924   637  2372.378495  0.308840
 924   923  244.138822  0.240000
 925   923  0.000000  0.600000
 925   924  2372.378495  0.544408
 925    64  360.024674  0.750000
 925  1013  0.000000  0.480000
 926   911  2732.403169  0.187357
 926   939  1002.815827  0.533356
 926   942  3540.610721  0.626448
 926    65  819.696686  0.866667
 926  1013  2922.906388  0.591509
 927   922  1971.958705  0.573830
 927   928  1720.338221  0.613625
 927   940  2617.784126  0.644370
 928   927  4583.979839  0.636062
 928   940  0.000000  1.950000
 928    73  1263.899325  0.583333
 928  1005  858.088896  0.788579
 929   920  752.725754  0.274329
 929   930  1707.367326  0.324424
 929  1008  0.000000  0.242424
 930  1007  4215.505103  1.034142
 931   615  2073.583973  1.375773
 931    19  1928.383732  0.833333
 931   914  552.228678  0.788575
 931   919  23.230000  0.222857
 932   916  85.474534  1.066667
 932   931  1085.177660  0.686374
 933   920  0.000000  0.274286
 933   934  75.071712  1.028571
 933   935  552.232022  0.514289
 934   916  75.071712  0.942857
 934   933  70.547099  1.028571
 934   943  0.000000  0.500000
 935   917  1105.197286  0.685844
 935   933  75.071712  0.514286
 935   936  552.232022  0.267051
 936   921  1275.554915  0.211921
 936   929  2339.292761  0.244601
 936   935  1180.268998  0.278248
 936    65  336.518314  0.866667
 937    18  1758.911047  0.916667
 937   917  0.000000  0.600000
 937   936  2714.785859  0.246776
 937   938  0.000000  0.240000
 938    18  778.259128  0.916667
 938   937  0.000000  0.240000
 938   939  0.235560  0.700000
 938   942  5110.302721  0.322995
 939   922  1002.815827  0.533356
 939   926  1817.574736  0.533655
 939   938  0.295093  0.700000
 940   921  5780.815217  0.385812
 940   927  0.226637  0.600000
 940    73  5.548675  0.583333
 941   940  2593.041402  0.198838
 941   944  4203.136767  1.205619
 942   912  6092.730543  0.279988
 942   926  933.327339  0.600037
 942   944  1953.428132  0.247286
 943    21  187.386000  0.500000
 943   913  602.485241  0.772671
 943   915  565.339754  0.943952
 943   934  0.000000  0.500000
 944   659  6156.564899  2.392606
 945   912  2613.667417  0.166440
 945   930  2508.137777  1.073823
 946    18  30.797485  0.916667
 946   912  100.077536  0.857143
 946   914  0.000000  0.257143
 946   592  3153.913408  1.419206
 947   948  204.504781  1.400023
 947    63  251.908560  0.533333
 947  1011  63.112177  1.457143
 947  1013  103.535275  1.160000
 948   922  275.842188  0.466697
 948   947  232.003078  1.400040
 948   955  463.070924  2.315306
 949   953  1332.223260  1.013970
 949   959  553.394384  0.500122
 949    71  550.778452  0.833333
 950   958  2275.729306  0.911616
 950   983  262.043488  0.760004
 950   990  413.391865  0.200134
 951   952  1062.735983  1.544196
 951   956  0.000000  0.600000
 951    72  1054.772759  0.916667
 951  1010  238.351136  0.428572
 952   951  766.813895  1.543126
 952   958  0.000000  0.600000
 952   982  984.750842  0.342859
 952   985  531.335428  0.325724
 953   949  892.837681  1.002214
 953   956  0.000000  2.420000
 953   957  1332.223260  0.608382
 954    91  77.056184  0.833333
 954   957  175.900000  0.800001
 955   948  71.337406  2.314286
 955   957  1502.462605  1.211435
 955  1005  168.881000  1.400001
 956   951  0.000000  0.600000
 956   953  0.000000  2.420000
 956   957  0.000000  2.300000
 957   953  892.837681  0.601328
 957   954  77.056184  0.800000
 957   955  240.218406  1.100024
 957   956  0.000000  2.300000
 957    72  2017.518241  0.916667
 958   952  515.972613  0.600000
 958   960  0.000000  1.200000
 958    71  1778.902504  0.833333
 959   906  2.478704  0.500000
 959   949  1384.885952  0.508346
 959   960  9.995681  0.514286
 959    70  540.920000  0.833333
 960   910  0.000000  0.257143
 960   958  19.145811  1.200000
 960    70  0.000000  0.833333
 961   858  717.871897  0.325754
 961   963  111.280105  0.925714
 961   964  3502.110912  0.692081
 961    33  1568.201893  1.083333
 962   786  482.406803  1.373648
 962   856  1802.730586  0.641728
 962   974  235.800000  0.306667
 962    34  1163.822063  0.916667
 963   860  2102.128490  0.316462
 963   961  730.140893  0.925851
 963   965  2213.707247  1.002311
 963    33  1097.156443  1.083333
 964   859  4991.087687  0.382065
 964   961  2120.964594  0.684001
 964   965  2306.219954  0.415279
 964   969  3627.416013  0.144003
 964    34  577.836117  0.916667
 965   867  1964.378156  0.668716
 965   963  2977.529026  1.090395
 965   964  4185.559991  0.612657
 965   970  913.613975  0.293498
 966   971  138.242470  0.240000
 966   973  3040.174821  0.384000
 966   974  1463.538349  0.134000
 966    35  823.469071  0.750000
 967   970  612.819013  0.560060
 967   971  114.804278  0.333333
 967   978  2136.086096  0.384000
 967    34  640.760061  0.916667
 968   859  0.000000  0.342857
 968   969  654.403031  0.171834
 969   964  654.403031  0.144000
 969   966  3627.416013  0.600000
 970   867  0.000000  0.514286
 970   965  612.819013  0.293365
 970   967  913.613975  0.560315
 971   966  714.311203  0.240050
 971   967  924.888864  0.333554
 972   759  3386.412992  0.269293
 973   972  3040.174821  0.120000
 973   976  0.000000  0.257143
 974   962  1239.292008  0.307406
 974   966  235.800000  0.133334
 974   968  654.403031  0.685716
 975   972  346.238170  0.257170
 975   976  1387.055926  0.120000
 976   971  1386.153320  0.360000
 976   978  0.902606  0.514286
 977   760  2136.445235  0.204000
 977   975  346.238170  0.514340
 978   864  0.902606  0.257143
 978   977  2136.086096  0.120000
 979   257  241.840857  0.685727
 979   263  3672.408683  1.213378
 979   987  419.575526  0.685893
 979   992  901.014415  0.514487
 979    54  204.169000  0.833333
 979    55  261.979000  0.633333
 980   889  1183.391028  0.737307
 980   986  1056.855322  0.549041
 980   992  2225.681820  1.239716
 980  1002  21.854463  0.700000
 980  1003  349.666801  0.300057
 981   991  1398.669783  0.555827
 981   995  219.411637  0.900020
 981  1004  0.000000  2.100000
 982   984  37.240000  1.320000
 982   985  422.444065  0.600011
 982   991  1295.958592  0.431817
 982    69  211.870821  0.583333
 983   950  1444.457642  0.764137
 983   986  2728.246790  1.083944
 983  1004  0.737195  1.800000
 983    70  1688.623956  0.833333
 984   982  166.162562  1.320000
 984   988  1870.822685  1.121275
 985   950  288.547488  0.600047
 985   952  704.191569  0.325751
 985    69  38.272179  0.583333
 985    71  633.840044  0.833333
 986   980  1658.725538  0.552842
 986   983  1674.968288  1.002463
 986  1004  0.000000  1.200000
 986    59  388.397231  0.500000
 986    68  1006.187000  0.950000
 987   979  742.980799  0.688815
 987   992  0.000000  0.600000
 987   993  264.163326  0.857165
 987  1003  155.412199  1.300006
 988   989  0.000000  0.671642
 988   996  3126.113975  0.901610
 988   997  1857.101936  0.898952
 989   988  2234.701225  0.671766
 990   950  1218.159529  0.219441
 990   984  1999.745248  0.606073
 991   981  219.411637  0.500011
 991   982  468.152324  0.400285
 991   996  2385.950982  1.054260
 992   979  2644.424708  0.554056
 992   980  859.482095  1.200372
 992   987  0.000000  0.600000
 992    57  41.532320  0.533333
 993   987  279.054732  0.857174
 993   994  0.000000  1.200000
 993  1000  268.603449  0.342867
 993  1003  0.827000  0.900000
 994   993  0.000000  1.200000
 994    67  0.000000  0.833333
 995   981  1398.669783  1.000489
 995    67  54.133406  0.833333
 995  1000  279.881732  0.771457
 995  1001  14.783127  0.700000
 996   907  5512.606572  0.145789
 996   991  378.886568  1.000011
 996    67  100.758594  0.833333
 997   999  1857.101936  0.494424
 998   989  2234.701225  1.638636
 998    66  87.123000  0.583333
 999    94  263.528936  0.833333
 999    95  1005.162000  0.833333
 999    97  492.248000  0.833333
 999   110  18.233000  0.833333
 999   998  1568.540225  0.277665
1000   993  279.881732  0.342870
1000   995  268.603449  0.771450
1000  1002  0.000000  1.000000
1001   995  1184.199739  0.759629
1001  1002  14.783127  0.500000
1001  1004  0.000000  1.050000
1002   980  1.513127  0.700000
1002    68  13.270000  0.950000
1002  1000  0.000000  1.000000
1002  1001  1183.462544  0.542468
1003   980  1218.583304  0.317999
1003   987  463.926068  1.300914
1003   993  4.440123  0.900000
1003    57  77.341000  0.533333
1003    68  500.745000  0.950000
1004   981  0.000000  2.100000
1004   983  0.000000  1.800000
1004   986  0.000000  1.200000
1004  1001  0.737195  1.050000
1005    91  688.516680  0.833333
1005    92  162.563774  0.833333
1005    93  125.622891  0.833333
1005    96  7.050684  0.833333
1005    99  0.206867  0.833333
1005   928  4906.100839  0.830728
1005   955  1039.391681  1.406240
1006   941  6796.178170  1.912101
1007    92  1847.861226  0.833333
1007    93  1196.511109  0.833333
1007    96  83.514316  0.833333
1007    99  20.621133  0.833333
1007   100  1066.985000  0.833333
1007  1006  0.012319  0.242424
1009    98  965.027000  0.833333
1009   102  5023.899000  0.833333
1009   248  528.615165  2.418809
1009   250  734.673155  4.484116
1010    91  238.351136  0.833333
1010   951  1164.255630  0.429154
1011   959  28.399132  1.200000
1011  1012  34.713044  0.120000
1012   904  34.713044  0.120000
1013   630  2839.888729  0.803708
1013   925  0.000000  0.480000
1013   926  3010.160515  0.599589
1013   947  83.017659  1.160000
1014   448  0.000000  0.377143
1014  1015  1960.748381  0.324000
1015   825  570.045381  0.702861
1015  1016  1960.748381  0.324000
1016   336  6876.690407  0.325979
1016   824  6017.368397  0.599937
1016  1017  729.457287  0.168000
1017   836  3165.093487  0.564534
1018   259  1213.424462  0.800354
1018   645  1339.540633  0.266818
1018  1019  5823.543794  0.221430
1019   635  980.622394  0.266893
1019   740  3294.853567  0.537884
1019   873  6103.574147  0.927660
1019  1018  1909.993166  0.200152
1020    74  219.265405  0.833333
1020   304  15.715279  2.000000
1020   306  3365.972701  1.014209
