<METADATA>
<File Name> ./Barcelona/Barcelona_SO_0.00_0.00_0.00_flow.txt
<Number of Links> 2522
<theta | lambda> 0.000000 | 0.000000
<stoch | determ> 0.000000 | 0.000000
<distant tolerance> 0.000000
<optimal objective> 1334853.434272
<system cost> 1334853.434272

<LINKS>
~ Init node | Term node | Flow | Cost
   1   290  1112.540738  1.083333
   1   307  1133.451646  1.083333
   1   316  0.116616  1.083333
   2   302  0.000000  1.666667
   2   304  0.000000  1.666667
   3   301  0.000000  1.083333
   3   306  5.038000  1.083333
   4   301  0.000000  1.083333
   4   306  0.000000  1.083333
   5   298  593.416453  0.500000
   5   299  24.119000  0.500000
   5   310  100.947547  1.083333
   6   424  1919.923681  0.833333
   6   425  617.773694  0.833333
   6   456  150.212625  0.833333
   7   274  754.191096  0.666667
   7   281  877.479904  0.666667
   7   283  0.000000  0.666667
   8   272  155.479434  0.666667
   8   456  16.620000  0.666667
   8   474  475.850028  0.666667
   8   480  735.845538  0.666667
   9   277  615.620000  0.500000
  10   205  8.274403  0.416667
  10   206  37.427016  0.416667
  10   214  217.118581  0.416667
  11   206  553.509276  0.666667
  11   207  57.242724  0.666667
  12   210  389.521585  0.833333
  12   217  0.010230  0.833333
  12   222  234.311185  0.833333
  13   208  227.250018  0.666667
  13   211  110.999814  0.666667
  13   224  129.154168  0.666667
  14   244  694.885000  0.583333
  15   228  132.892092  0.833333
  15   533  1526.125608  0.833333
  15   538  615.549301  0.833333
  16   601  462.445857  1.000000
  16   602  184.154143  1.000000
  17   597  16.820406  0.666667
  17   608  117.473512  0.666667
  17   621  10.722081  0.666667
  18   914  120.176418  0.916667
  18   937  177.205378  0.916667
  18   938  418.548780  0.916667
  18   946  438.509424  0.916667
  19   617  829.596664  0.833333
  19   919  29.984000  0.833333
  19   931  378.347336  0.833333
  20   916  616.927000  0.750000
  21   915  740.434084  0.500000
  21   943  415.755916  0.500000
  22   831  492.589000  1.166667
  23   823  1533.293503  1.083333
  23   835  101.643839  1.083333
  23   836  1824.109204  1.083333
  23   839  1096.641454  1.083333
  24   827  482.353861  1.166667
  24   838  1087.764020  1.166667
  24   855  2499.234119  1.166667
  25   821  2192.606408  1.250000
  25   841  560.019592  1.250000
  25   849  280.194000  1.250000
  26   322  2202.863887  0.666667
  26   844  218.935655  0.666667
  26   851  809.297458  0.666667
  27   317  766.047000  0.666667
  27   333  151.096449  0.666667
  27   824  2557.583551  0.666667
  27   832  0.000000  0.666667
  28   328  198.545445  0.666667
  28   339  2858.955242  0.666667
  28   825  788.797313  0.666667
  29   325  1548.379821  0.750000
  29   331  693.832179  0.750000
  30   286  309.568316  0.666667
  30   340  803.964684  0.666667
  31   366  1030.090030  0.616667
  31   405  1679.546731  0.616667
  31   448  332.136113  0.616667
  31   779  807.113125  0.616667
  32   287  503.418495  0.666667
  32   347  1467.663942  0.666667
  32   355  109.520034  0.666667
  32   356  1042.598529  0.666667
  33   255  783.830801  1.083333
  33   858  1801.636968  1.083333
  33   961  1812.450631  1.083333
  33   963  1722.891600  1.083333
  34   870  827.398841  0.916667
  34   962  1663.261526  0.916667
  34   964  931.310308  0.916667
  34   967  1472.129325  0.916667
  35   758  1285.392849  0.750000
  35   760  1486.815875  0.750000
  35   869  501.483418  0.750000
  35   966  886.523859  0.750000
  36   763  862.307365  0.616667
  36   764  145.338551  0.616667
  36   767  331.765627  0.616667
  36   788  742.604014  0.616667
  36   796  18.247444  0.616667
  37   349  344.706159  0.700000
  37   393  141.253477  0.700000
  37   458  197.476431  0.700000
  37   459  553.317723  0.700000
  37   803  933.891211  0.700000
  38   255  200.976599  0.783333
  38   262  211.317956  0.783333
  38   267  1793.017446  0.783333
  39   254  47.213359  0.833333
  39   873  999.378701  0.833333
  39   880  1887.767391  0.833333
  39   881  93.100550  0.833333
  40   633  3771.384652  1.083333
  40   883  2053.463348  1.083333
  41   761  1750.488163  0.916667
  41   866  1043.911636  0.916667
  41   875  175.086250  0.916667
  41   885  302.489950  0.916667
  42   666  0.761619  0.666667
  42   676  1505.023664  0.666667
  42   679  224.646188  0.666667
  42   687  579.467529  0.666667
  43   668  203.665567  0.583333
  43   688  78.984092  0.583333
  43   689  0.000000  0.583333
  43   696  1053.110728  0.583333
  43   722  1582.883613  0.583333
  44   450  371.452220  0.666667
  44   455  145.452781  0.666667
  44   473  60.858486  0.666667
  44   503  72.898513  0.666667
  45   522  0.000000  0.666667
  45   530  704.129064  0.666667
  45   551  9.816624  0.666667
  45   555  865.833312  0.666667
  46   262  1054.825309  1.083333
  46   263  478.355691  1.083333
  47   264  2218.499254  0.666667
  47   887  271.396746  0.666667
  48   261  173.783331  0.750000
  48   890  1610.236669  0.750000
  49   625  2038.734899  0.750000
  49   646  1219.321101  0.750000
  50   623  385.744380  0.500000
  50   652  0.000000  0.500000
  50   700  729.768620  0.500000
  51   655  274.317805  0.583333
  51   702  1317.279669  0.583333
  51   706  648.973415  0.583333
  51   710  1266.365111  0.583333
  52   640  91.404418  0.533333
  52   659  0.000000  0.533333
  52   699  1131.687137  0.533333
  52   714  319.894445  0.533333
  53   525  97.046007  0.500000
  53   585  1270.196486  0.500000
  53   664  423.695507  0.500000
  54   979  977.527000  0.833333
  55   251  0.000000  0.633333
  55   891  1061.250303  0.633333
  55   979  458.815697  0.633333
  56   889  1160.642000  0.500000
  57   889  1266.601290  0.533333
  57   992  424.172786  0.533333
  57  1003  222.601924  0.533333
  58   627  1088.378108  0.533333
  58   888  367.146892  0.533333
  59   889  785.010784  0.500000
  59   986  370.986216  0.500000
  60   893  289.373246  0.416667
  60   896  793.065859  0.416667
  60   900  169.488895  0.416667
  61   624  526.307126  0.583333
  61   630  1281.813920  0.583333
  61   642  54.739954  0.583333
  62   629  178.572848  0.666667
  62   637  824.482269  0.666667
  62   653  1369.203882  0.666667
  63   902  885.202666  0.533333
  63   908  382.153135  0.533333
  63   947  245.164198  0.533333
  64   632  1783.831968  0.750000
  64   923  485.841289  0.750000
  64   925  0.340743  0.750000
  65   921  339.974219  0.866667
  65   926  2925.785988  0.866667
  65   936  1164.204793  0.866667
  66   998  753.284000  0.583333
  67   994  0.000000  0.833333
  67   995  75.423936  0.833333
  67   996  480.016064  0.833333
  68   986  1036.232143  0.950000
  68  1002  925.279072  0.950000
  68  1003  1309.719785  0.950000
  69   982  331.059354  0.583333
  69   985  131.871646  0.583333
  70   904  1848.358399  0.833333
  70   959  392.470000  0.833333
  70   960  9.144223  0.833333
  70   983  575.174378  0.833333
  71   949  219.237760  0.833333
  71   958  0.000000  0.833333
  71   985  536.023240  0.833333
  72   951  370.075343  0.916667
  72   957  271.759657  0.916667
  73   928  79.529681  0.583333
  73   940  575.764319  0.583333
  74   313  3364.098975  0.833333
  74   322  200.300000  0.833333
  74   842  0.000000  0.833333
  74   321  3885.955300  0.833333
  74  1020  2969.025725  0.833333
  75   848  421.364604  0.833333
  75   849  1629.724396  0.833333
  76   304  439.064565  0.833333
  76   849  492.917384  0.833333
  76   322  901.939051  0.833333
  77   849  401.121361  0.833333
  77   322  150.611639  0.833333
  78   848  28.273000  0.833333
  78   839  749.329000  0.833333
  79   304  66.186067  0.833333
  79   313  771.572933  0.833333
  80   304  68.604679  0.833333
  80   313  420.680321  0.833333
  81   848  63.795950  0.833333
  81   322  321.137182  0.833333
  81   247  0.168868  0.833333
  82   848  21.908029  0.833333
  82   247  0.000000  0.833333
  82   322  112.797971  0.833333
  83   848  10.841117  0.833333
  83   247  0.000000  0.833333
  83   322  59.531883  0.833333
  84   313  2009.462000  0.833333
  85   304  0.000000  0.833333
  85   849  478.970758  0.833333
  85   322  274.340443  0.833333
  85   313  1186.261799  0.833333
  86   849  11.640982  0.833333
  86   322  3.224957  0.833333
  86   313  30.716061  0.833333
  87   322  632.340440  0.833333
  87   849  338.766560  0.833333
  88   322  131.221200  0.833333
  88   313  221.605800  0.833333
  89   313  135.210000  0.833333
  90   304  151.253731  0.833333
  90   322  14.060000  0.833333
  90   321  314.972872  0.833333
  90   313  360.752397  0.833333
  91  1010  1237.010363  0.833333
  91   954  175.955803  0.833333
  91  1005  3146.450833  0.833333
  92  1006  4808.025978  0.833333
  92  1005  3605.117022  0.833333
  93  1006  494.110796  0.833333
  93  1005  373.071204  0.833333
  94   263  1176.109084  0.833333
  94   999  756.195916  0.833333
  95   988  877.692000  0.833333
  96  1005  0.474746  0.833333
  96  1006  31.781254  0.833333
  97   999  454.084000  0.833333
  98  1009  1261.281000  0.833333
  99  1006  107.279948  0.833333
  99  1005  59.527052  0.833333
 100  1006  0.000000  0.833333
 100  1007  0.000000  0.833333
 101   263  0.000000  0.833333
 102  1009  0.000000  0.833333
 103   849  0.000000  0.833333
 104   849  0.000000  0.833333
 105   313  0.000000  0.833333
 106   849  0.000000  0.833333
 107   849  0.000000  0.833333
 107   313  0.000000  0.833333
 108   849  0.000000  0.833333
 109   849  0.000000  0.833333
 110   999  0.000000  0.833333
 201   456  15.734000  1.000000
 202   204  1072.743067  0.186726
 203   456  1072.743067  0.186726
 204   203  1072.743067  0.173388
 205   206  2562.918711  0.270760
 205   214  0.000000  0.428571
 205   215  155.004745  0.514286
 205    10  58.810924  0.416667
 206   213  486.430133  0.200002
 206    10  10.770000  0.416667
 206    11  2017.692255  0.666667
 206   486  638.962616  0.266675
 207   201  15.734000  0.780000
 207   209  200.667469  0.240001
 207   215  11.579000  0.411429
 207    11  51.635745  0.666667
 208   209  34.181700  1.062857
 208   211  844.107954  0.960105
 208   273  3424.966159  0.239186
 208   277  0.000000  0.685714
 208    13  862.830396  0.666667
 209   207  67.368745  0.240000
 209   208  200.667469  1.062862
 210   211  1786.846311  0.610802
 210   212  33.187045  0.560000
 210    12  737.695025  0.833333
 210   469  540.084444  0.666884
 211   208  3115.184084  0.994794
 211   210  369.196661  0.573368
 211   233  907.606879  0.481708
 211   237  55.008767  0.291429
 211    13  395.109483  0.666667
 212   209  33.187045  0.560000
 213   214  4183.754415  0.209959
 213   454  1035.803076  0.320032
 214   205  850.476150  0.429306
 214    10  2381.669076  0.416667
 214   468  2266.756873  0.294292
 214   475  108.713356  0.325714
 215   205  11.579000  0.514286
 215   207  155.004745  0.411429
 216   217  309.395994  0.171431
 216   221  0.000000  0.280000
 216   224  1054.478121  0.534058
 217   216  1054.478121  0.172277
 217   220  37.227201  0.154286
 217   222  309.395994  0.120001
 217   223  0.000000  0.188571
 217    12  0.000000  0.833333
 218   210  0.000000  0.420000
 219   222  1942.078561  0.292390
 219   223  1701.043053  0.189936
 220   221  1004.718732  0.171523
 221   218  0.000000  0.400000
 221   230  1004.718732  0.600330
 222   217  358.143569  0.120003
 222   225  1933.181223  0.169383
 222    12  741.731975  0.833333
 223   217  733.551523  0.193315
 223   220  967.491531  0.222959
 224   216  309.395994  0.531435
 224   228  0.000000  2.348571
 224   230  0.000000  0.257143
 224    13  1054.478121  0.666667
 225   222  547.271027  0.154316
 225   228  1742.637374  0.622065
 225   234  190.543848  0.360001
 226   235  1950.334359  0.345833
 226   238  1590.299160  0.748505
 226   539  586.998517  0.533586
 227   229  38.883503  1.200000
 227   236  20.008867  0.308571
 227   603  1552.293191  0.750864
 228   225  547.271027  0.617159
 228   227  1494.715682  0.514441
 228   235  381.297301  0.342858
 228    15  150.236720  0.833333
 229   227  19.010990  1.200000
 229   232  1159.796505  1.440574
 229   597  486.033271  0.933524
 230   224  180.241826  0.257143
 230   231  1004.718732  0.274436
 231   230  180.241826  0.274286
 231   237  1004.718732  0.154371
 232   229  505.044261  1.427012
 232   231  125.233060  0.325714
 232   233  1626.943505  0.125268
 233   211  1426.231915  0.493680
 233   232  402.539321  0.120011
 233   243  1036.578000  0.428836
 234   533  1780.742234  0.241502
 235   226  227.729713  0.342857
 235   228  697.991264  0.342876
 235   236  2529.419068  0.328215
 236   226  0.997876  0.222857
 236   227  57.577509  0.308571
 236   602  2490.852550  0.919013
 237   211  673.919881  0.291434
 237   231  55.008767  0.154286
 237   233  330.798851  0.257143
 238   234  1590.198385  0.124750
 238   235  1123.508385  0.931973
 238   242  0.100774  0.333333
 239   240  0.000000  0.240000
 239   576  101.993781  0.173333
 240   241  0.000000  0.300000
 240   242  1251.385873  0.345663
 241   538  0.000000  0.213333
 241   574  0.000000  0.093333
 242   238  1123.508385  0.336155
 242   239  0.100774  0.173333
 242   240  0.000000  0.340000
 242   533  1250.779219  0.257247
 243   232  694.885000  0.428608
 243   244  1036.578000  0.402367
 244   243  694.885000  0.400400
 244   245  0.000000  0.480000
 244   246  0.000000  1.133333
 244    14  1036.578000  0.583333
 245   244  0.000000  0.480000
 246   244  0.000000  1.133333
 247    81  0.000000  0.833333
 247    82  0.000000  0.833333
 247    83  0.000000  0.833333
 247   248  0.168868  2.238806
 248   247  0.000000  2.238806
 248   249  528.790943  0.448618
 248  1009  2324.290998  4.560430
 249   248  2324.122130  0.844403
 249   831  528.790943  2.871156
 250   255  791.468028  0.720856
 250   853  1365.567268  1.185890
 250  1009  3665.206813  30.353041
 251   268  1159.218715  0.505494
 251   891  1224.261155  0.161129
 251    55  0.000000  0.633333
 252   257  0.000000  0.942857
 252   263  1043.244898  1.033334
 252   268  793.540675  1.674515
 253   255  3053.353711  1.058241
 253   262  2203.876206  1.321998
 253   266  5.462815  1.200000
 254   256  24.647063  1.200000
 254   267  191.285922  2.000217
 254   887  54.074089  1.800000
 254    39  236.636600  0.833333
 255   250  3145.671583  1.506252
 255   253  2209.318850  0.652081
 255   881  782.384293  3.192282
 255    33  517.868491  1.083333
 255    38  143.800000  0.783333
 256   254  84.627516  1.200003
 256   264  30.069515  1.200000
 256   266  770.540813  2.855964
 257   252  0.000000  0.942857
 257   269  304.226549  0.800734
 257   979  29.047155  0.685714
 258   259  0.000000  0.300000
 258   887  0.299089  0.900000
 259   258  0.299089  0.300000
 259   260  158.013766  1.400063
 259   265  1516.581389  0.603236
 259  1019  3808.000164  1.256438
 260   259  1082.862149  1.848931
 260   646  0.000000  3.000000
 260   898  158.013766  0.900025
 261   887  173.783331  2.100515
 261    48  51.615521  0.750000
 262   253  3053.373883  2.149586
 262   263  2139.948410  1.891161
 262    38  680.527522  0.783333
 262    46  275.245752  1.083333
 263    94  275.968867  0.833333
 263   101  3478.189000  0.833333
 263   252  793.540675  1.029825
 263   262  2679.076096  2.423296
 263    46  482.065248  1.083333
 263   979  805.709753  1.208998
 264   256  855.127966  1.428426
 264   265  2725.281681  0.428551
 264   891  1208.592698  1.901344
 264    47  379.020133  0.666667
 265   258  0.000000  1.650000
 265   259  2725.281681  0.642826
 265   264  1516.581389  0.402157
 266   255  770.540813  1.606479
 266   256  5.462815  2.400000
 267   254  99.459173  2.000011
 267   871  1290.643349  0.876221
 267   879  448.459496  2.009244
 267    38  2164.867478  0.783333
 268   251  1224.261155  0.537098
 268   252  1043.244898  1.859443
 268   269  115.973817  1.200041
 269   257  29.047155  0.800000
 269   268  430.720480  1.217339
 269   889  87.004783  1.800003
 270   271  3357.441916  0.391271
 270   288  155.582435  0.600000
 270   299  86.878945  0.685714
 271   290  3357.441916  0.480049
 271   327  0.000000  0.857143
 272   202  466.937184  0.240002
 272     8  54.931412  0.666667
 272   281  303.732728  0.280001
 272   285  1433.034261  0.267765
 273   208  1622.984639  0.227118
 273   277  869.061308  0.400178
 273   278  2814.501514  2.031786
 274     7  691.275000  0.666667
 274   280  666.540131  0.200027
 274   282  430.074261  0.266672
 274   360  1056.117907  0.240000
 274   433  49.010148  0.257143
 275   284  0.000000  0.514286
 275   295  0.000000  1.000000
 276   290  5459.831371  0.318378
 276   314  3784.535921  0.360264
 277   273  1261.934659  0.400936
 277   285  779.915910  0.400110
 277     9  875.865000  0.500000
 278   273  619.646643  1.251880
 278   292  1.648719  0.666667
 278   310  2814.501514  2.962210
 279   282  52.105316  0.346667
 279   288  912.440055  0.266814
 279   428  0.000000  0.377143
 280   274  306.232322  0.200001
 280   283  793.974115  0.266746
 281   202  605.805884  0.308671
 281     7  228.508000  0.666667
 281   272  1321.591521  0.280804
 281   284  265.445618  0.280001
 282   274  1239.098495  0.267242
 282   279  396.907657  0.346671
 282   298  436.422770  0.257143
 282   360  0.000000  0.200000
 283     7  0.000000  0.666667
 283   280  240.609618  0.266667
 283   284  793.974115  0.266746
 283   437  24.836000  0.200000
 284   281  793.974115  0.280083
 284   283  265.445618  0.266667
 285   272  781.564629  0.266741
 285   277  1433.034261  0.401647
 286   270  3448.430097  0.314035
 286   326  130.744593  0.857143
 286    30  145.620656  0.666667
 287   286  3381.293714  0.469419
 287   354  981.101672  0.360000
 287    32  63.659915  0.666667
 288   279  52.105316  0.266667
 288   287  1040.073710  0.450150
 289   270  151.473199  0.120000
 289   354  5718.873727  0.845702
 290     1  3350.322408  1.083333
 290   276  1980.005246  0.240000
 290   289  5870.346926  1.049328
 291   292  0.000000  0.857143
 291   296  0.000000  1.885714
 292   291  0.000000  0.857143
 292   293  0.000000  0.266667
 292   294  1.648719  0.342857
 293   275  0.000000  0.800000
 293   292  0.000000  0.266667
 293   294  0.000000  0.171429
 294   283  0.000000  1.028571
 294   285  1.648719  0.600000
 295   275  0.000000  1.000000
 295   296  0.000000  1.200000
 295   297  0.000000  0.857143
 296   291  0.000000  1.885714
 296   295  0.000000  1.200000
 296   300  0.000000  2.571429
 297   295  0.000000  0.857143
 297   298  0.079080  0.257143
 297   299  0.000000  0.533333
 298     5  436.422770  0.500000
 298   274  593.495533  0.342860
 298   297  0.000000  0.257143
 299     5  86.878945  0.500000
 299   288  24.156536  0.685714
 299   297  0.079080  0.533333
 299   300  0.000000  1.000000
 300   296  0.000000  2.571429
 300   299  0.116616  1.000000
 300   316  0.000000  2.800000
 301     3  0.000000  1.083333
 301     4  0.000000  1.083333
 301   302  0.000000  1.260000
 301   306  0.000000  1.272000
 302     2  0.000000  1.666667
 302   301  0.000000  1.260000
 302   303  0.000000  3.480000
 302   304  0.000000  3.240000
 303   302  0.000000  3.480000
 303   304  0.000000  1.200000
 304     2  0.000000  1.666667
 304    76  7.755450  0.833333
 304    79  0.000000  0.833333
 304    80  0.000000  0.833333
 304    85  0.000000  0.833333
 304    90  0.000000  0.833333
 304   302  0.000000  3.240000
 304   303  0.000000  1.200000
 304  1020  725.109043  2.000114
 305   312  1983.726491  0.181893
 305   313  1773.239653  0.283891
 305   321  1660.769445  0.363702
 306     3  8599.022000  1.083333
 306     4  0.000000  1.083333
 306   301  0.000000  1.272000
 306   308  51.413478  1.080000
 306   310  713.036440  0.733372
 306  1020  40.856366  1.000000
 307     1  1908.176592  1.083333
 307   308  2789.874663  0.355624
 307   311  0.002175  0.133333
 307   312  769.297477  0.534171
 308   306  2789.706456  1.600165
 308   307  51.413478  0.240000
 308   309  0.168207  0.514286
 309   308  0.000000  0.514286
 309   310  0.168207  2.005714
 309   311  0.000000  1.542857
 310     5  91.909285  1.083333
 310   278  621.295362  2.062035
 310   306  2915.449060  0.763672
 310   309  0.000000  2.005714
 311   307  505.286378  0.134030
 311   309  0.000000  1.542857
 311   316  0.002175  0.428571
 312   305  769.294371  0.181819
 312   307  3777.199405  1.550427
 312   315  0.947043  0.266667
 313    74  1455.992689  0.833333
 313    79  93.510000  0.833333
 313    80  212.680000  0.833333
 313    84  1342.574000  0.833333
 313    85  335.364149  0.833333
 313    86  8.708755  0.833333
 313    88  175.544854  0.833333
 313    89  50.447000  0.833333
 313    90  98.884245  0.833333
 313   105  1208.793000  0.833333
 313   107  70.342142  0.833333
 313   305  1246.709644  0.270252
 313   312  1793.862355  0.285770
 313   315  5459.788287  0.318367
 314   276  5459.831371  0.477567
 314   315  3280.155676  0.540036
 314   316  505.286378  1.032644
 315   305  0.000000  0.200000
 315   312  0.554496  0.266667
 315   313  3279.601180  0.240016
 315   314  5460.735330  0.716852
 316     1  0.000000  1.083333
 316   300  0.116616  2.800000
 316   311  505.286378  0.430268
 316   314  0.002175  1.028571
 317   319  6145.596575  0.326127
 317   333  1735.516211  0.201933
 317   841  2954.566936  0.227283
 317    27  357.628000  0.666667
 318   332  3095.447082  0.268213
 318   334  841.736496  1.030260
 319   317  4901.538796  0.308964
 319   321  7231.974519  0.634837
 319   334  842.287026  0.171709
 320   329  2715.514912  0.349195
 320   340  2823.650619  0.563633
 321    74  4117.114396  0.833333
 321    90  238.601755  0.833333
 321   305  3401.731574  0.365458
 321   319  5317.587842  0.567007
 321   335  544.369912  0.305243
 322    74  376.900000  0.833333
 322    76  259.874926  0.833333
 322    77  189.360929  0.833333
 322    81  132.121599  0.833333
 322    82  49.991793  0.833333
 322    83  27.390893  0.833333
 322    85  47.387313  0.833333
 322    86  0.006806  0.833333
 322    87  140.902057  0.833333
 322    88  26.357146  0.833333
 322    90  14.890000  0.833333
 322   318  3937.183578  0.170818
 322   335  196.743575  2.057220
 322   844  42.564500  0.500000
 322    26  283.065000  0.666667
 323   320  4659.440067  0.792293
 323   324  0.000000  0.133333
 323   833  0.000000  0.840000
 324   323  4659.085885  0.237177
 324   333  0.000000  0.266667
 325   323  0.354183  1.380000
 325   326  99.125139  0.908571
 325   334  1391.587926  1.048585
 325    29  1729.575234  0.750000
 325   340  1833.791084  1.214791
 326   286  33.933317  0.857143
 326   325  130.744593  0.908572
 326   327  2794.383671  0.555615
 327   276  1804.530675  0.417963
 327   290  1270.860554  0.338218
 327   331  0.000000  0.942857
 328   320  879.725463  0.361024
 328   330  219.505247  0.514287
 328    28  0.000000  0.666667
 328  1014  563.137791  0.742187
 329   328  219.505247  0.720002
 329   339  2715.514912  0.201459
 330   323  0.000000  0.900000
 330   833  219.505247  0.257143
 331   327  281.007558  0.943064
 331   335  610.110344  0.692676
 331    29  492.510766  0.750000
 332   333  3095.447082  0.901086
 332   851  627.865308  0.514313
 333   317  28.687856  0.200000
 333   324  4659.085885  0.474354
 333   332  149.864000  0.800000
 333    27  144.422000  0.666667
 334   319  1512.615925  0.176456
 334   325  1084.994215  1.034457
 334   332  478.001308  0.685783
 335   321  525.733344  0.304542
 335   322  135.694000  2.057156
 335   331  689.796488  0.698361
 336   758  4896.088713  0.815553
 336   834  1758.635684  0.601214
 336  1016  4564.131898  0.319151
 336  1017  2431.369130  0.243272
 337   336  2773.718175  0.354157
 337  1015  1085.196365  0.568870
 338   337  3858.914540  0.189498
 338   364  1682.046942  0.188877
 338   448  0.000000  0.600000
 339   329  207.845247  0.200020
 339   350  797.434993  0.360015
 339   367  4024.493120  0.507959
 339   448  692.393338  0.428580
 339    28  1653.880754  0.666667
 339  1014  1630.967107  0.324000
 340   325  2290.314936  1.102046
 340   351  814.769137  0.308586
 340   352  1295.762547  0.400297
 340    30  1364.565344  0.666667
 340   399  2699.785601  0.243972
 341   346  3710.236490  0.158140
 342   382  1127.678496  0.084000
 342   408  2131.285635  0.187469
 343   404  2564.108319  0.196899
 343   785  1370.882161  0.168000
 344   378  425.943085  0.186668
 344   383  2415.644906  0.174636
 345   354  0.000000  0.222857
 345   355  5685.941416  0.168000
 345   387  425.943085  0.200001
 346   326  2729.191849  0.732469
 346   353  981.044641  0.200043
 347   371  1650.890680  0.187068
 347   399  2306.069356  0.468314
 347    32  1665.477975  0.666667
 347   446  2233.061989  0.200606
 348   389  2346.896577  0.179741
 348   444  1731.222602  0.173794
 349   392  3322.192139  0.178737
 349   395  67.085237  0.173333
 349    37  346.980587  0.700000
 350   329  11.660000  0.200000
 350   339  354.043413  0.360000
 350   351  797.434993  0.291441
 351   340  697.721822  0.308578
 351   350  365.703413  0.291429
 351   398  548.778894  0.373339
 352   341  1294.591584  0.186805
 352   377  1.170962  0.373333
 353   287  2882.563096  0.205227
 354   345  5064.086298  0.156000
 354   425  1637.109746  0.200414
 355   345  0.000000  0.240000
 355   356  5608.848911  0.156001
 355   358  168.357788  0.200000
 355    32  77.092505  0.666667
 356   355  0.000000  0.222857
 356   417  325.752528  0.200000
 356   423  6325.694912  0.168006
 356    32  674.758605  0.666667
 357   345  1047.798203  0.200057
 357   425  398.964879  0.173336
 358   357  347.473879  0.186668
 358   429  193.056688  0.173333
 359   356  151.450079  0.200000
 359   358  372.172779  0.173335
 360   357  1099.289203  0.160056
 360   428  0.000000  0.240000
 360   435  0.000000  0.257143
 361   359  24.836000  0.173333
 361   430  49.010148  0.186667
 362   432  0.000000  0.257143
 362   434  0.000000  0.240000
 362   438  0.000000  0.173333
 363   440  446.164276  0.240001
 364   338  104.868893  0.188571
 364   758  1458.227819  0.291662
 364   779  223.819123  0.333333
 365   338  1294.759204  0.253525
 365   368  232.304075  0.173333
 365   448  1810.099265  0.269767
 366   338  3898.910382  0.321977
 366   365  2042.403340  0.217576
 366   369  0.000000  0.222857
 366    31  1503.615001  0.616667
 367   365  1294.759204  0.267390
 367   368  3319.884112  0.218924
 368   369  2479.737531  0.181525
 368   400  1072.450655  0.360114
 369   768  2479.737531  0.195488
 370   367  590.150196  0.360008
 370   400  783.352925  0.186719
 371   398  1650.890680  0.173706
 371   399  0.000000  0.480000
 372   371  0.000000  0.240000
 372   374  99.713171  0.186667
 373   370  209.812332  0.173333
 373   372  0.000000  0.222857
 374   347  2724.755449  0.200082
 374   446  59.197272  0.066667
 375   373  209.812332  0.186667
 375   374  2684.239550  0.184977
 376   375  2684.239550  0.199206
 376   381  771.022720  0.173346
 377   378  0.000000  0.173333
 377   383  1.170962  0.186667
 378   347  425.943085  0.173334
 378   379  0.000000  0.186667
 379   380  0.000000  0.173333
 379   384  59.197272  0.186667
 380   381  115.940196  0.186667
 380   447  209.812332  0.066667
 381   405  1210.519532  0.188868
 381   407  1909.505374  0.187425
 381   447  537.351922  0.200001
 382   405  949.903764  0.200014
 382   406  1371.027421  0.084000
 383   341  2415.644906  0.376139
 383   409  1.170962  0.173333
 384   344  2415.644906  0.188069
 384   411  58.887438  0.173333
 385   380  325.752528  0.186667
 385   384  2415.335072  0.174635
 386   353  1901.518454  0.378849
 386   354  1.220645  0.200000
 387   386  1901.568138  0.175895
 387   410  425.943085  0.186668
 388   343  2564.112098  0.182835
 388   442  1000.077299  0.173478
 389   388  2346.896577  0.193567
 389   801  41.557726  0.186667
 390   382  1193.252689  0.186702
 390   391  1495.519473  0.053599
 391   342  2130.976306  0.174078
 391   393  1493.482616  0.174191
 392   390  1193.252689  0.200038
 392   391  2128.939450  0.187465
 392   443  41.408687  0.186667
 393   394  1.099067  0.186667
 393   421  1077.450275  0.186883
 393    37  1986.064386  0.700000
 394   392  41.408687  0.173333
 394   395  1.099067  0.173333
 395   396  67.085237  0.186667
 395   493  1.099067  0.186667
 396   422  2750.889674  0.186466
 396   464  67.303644  0.200000
 397   370  1163.690789  0.173616
 397   372  99.713171  0.173333
 398   397  1263.403960  0.187106
 398   445  936.265615  0.200035
 399   340  2306.069356  0.241848
 399   347  2699.785601  0.603310
 399   351  0.000000  0.186667
 400   401  959.968922  0.173453
 400   402  895.834659  0.173358
 401   403  0.000000  0.222857
 401   808  959.968922  0.186796
 402   373  0.000000  0.240000
 402   376  895.834659  0.186693
 403   402  0.000000  0.222857
 403   404  0.000000  0.240000
 404   376  2559.427612  0.182757
 404   405  4.680707  0.274286
 405   381  537.351922  0.186726
 405   406  2205.503422  0.201558
 405   408  424.702645  0.188572
 405    31  677.092746  0.616667
 406   343  1370.878382  0.156000
 406   442  2205.652461  0.174684
 407   385  2415.335072  0.188069
 407   413  1935.114049  0.174081
 408   407  2440.943747  0.174698
 408   414  115.044533  0.222857
 409   386  1.170962  0.186667
 409   410  0.000000  0.173333
 410   344  425.943085  0.173334
 410   411  0.000000  0.186667
 411   412  0.000000  0.173333
 411   416  58.887438  0.186667
 412   385  325.752528  0.173334
 412   413  0.000000  0.186667
 413   414  472.908148  0.173339
 413   418  1462.205901  0.186898
 414   415  472.908148  0.186672
 414   419  115.044533  0.240000
 415   342  1127.987825  0.156000
 415   393  1429.877635  0.174040
 416   355  58.837755  0.200000
 416   387  1901.568138  0.189425
 417   412  325.752528  0.186667
 417   416  1901.518454  0.175894
 418   417  1901.518454  0.189425
 418   423  1933.133262  0.200858
 419   418  2372.445816  0.180150
 419   424  842.512630  0.257166
 420   415  2084.957311  0.168000
 420   419  3099.913913  0.210684
 421   420  2949.530241  0.191222
 421   474  878.809708  0.200094
 422   394  41.408687  0.186667
 422   421  2750.889674  0.200810
 423   356  523.308526  0.240038
 423   424  7734.240062  0.156165
 423   426  53.680291  0.200000
 424     6  943.352883  0.833333
 424   423  52.400705  0.222857
 424   427  77.033706  0.257143
 424   452  9444.193203  0.173113
 425     6  504.895279  0.833333
 425   279  515.532398  0.266678
 425   428  1633.420642  0.080164
 426   359  498.786858  0.186674
 427   426  445.106566  0.173334
 427   431  77.071765  0.222857
 428   279  0.000000  0.377143
 428   282  1590.249346  0.146934
 428   360  43.171296  0.240000
 429   361  0.000000  0.173333
 429   435  193.056688  0.066667
 430   362  0.000000  0.186667
 430   426  0.000000  0.173333
 430   431  49.010148  0.173333
 431   436  77.071765  0.240000
 431   449  49.010148  0.186667
 432   361  73.846148  0.120000
 432   435  0.000000  0.257143
 433   280  193.056688  0.200000
 433   434  49.010148  0.222857
 434   362  0.000000  0.240000
 434   432  73.846148  0.066667
 435   360  0.000000  0.257143
 435   432  0.000000  0.257143
 435   433  193.056688  0.133333
 436   362  0.000000  0.222857
 436   363  446.164276  0.222858
 437   434  24.836000  0.173333
 438   439  0.000000  0.186667
 439   284  0.000000  0.200000
 440   441  446.164276  0.222858
 441   281  446.164276  0.257144
 442   390  1495.519473  0.133997
 442   443  1710.210287  0.187136
 443   389  41.557726  0.173333
 443   444  1710.061248  0.173769
 444   349  1731.222602  0.187162
 444   504  1710.061248  0.187136
 445   339  936.265615  0.160028
 445   350  0.000000  0.200000
 446   347  537.351922  0.200001
 446   379  59.197272  0.093333
 446   447  2233.061989  0.160484
 447   375  209.812332  0.093333
 447   381  2233.061989  0.200606
 447   446  537.351922  0.160001
 448   338  242.423003  0.600000
 448   339  2142.235378  0.430861
 448    31  1013.108126  0.616667
 449   477  210.203926  0.156000
 449   519  49.010148  0.173333
 450   492  0.000000  17.000000
 450   497  44.702718  0.173333
 450   507  1184.672027  0.186671
 450    44  2341.864769  0.666667
 451   491  0.000000  13.000000
 451   495  3475.119317  0.156000
 452   420  2235.340983  0.180000
 452   424  20.304125  0.240000
 452   474  7835.225227  0.156041
 453   459  127.592590  0.462857
 453   468  2562.463940  0.132000
 453   475  10154.733566  0.244825
 454   213  75.902653  0.320000
 454   455  9234.585015  0.228924
 454   475  92.324444  0.257143
 454   513  858.110632  0.200001
 455   454  166.114799  0.325714
 455   471  4967.412133  0.168000
 455   520  4651.012230  0.180033
 455    44  1525.759316  0.666667
 456     6  141.379838  0.833333
 456     8  43.410000  0.666667
 456   488  317.006551  0.156000
 456   489  826.823422  0.240520
 457   490  3998.808790  0.333452
 457   507  567.529696  0.174968
 457   806  1131.259371  0.186679
 458   460  3315.930000  0.406237
 458   505  4292.514026  0.182817
 458    37  2290.073804  0.700000
 459   453  9072.725232  0.325009
 459   464  0.000000  0.222857
 459   499  2492.513447  0.180000
 459    37  452.864223  0.700000
 460   348  3315.736903  0.218735
 460   803  1133.780847  0.168000
 461   457  3945.396135  0.309797
 461   508  1822.080782  0.156000
 462   450  0.000000  18.000000
 462   498  1456.076095  0.156000
 463   213  4657.224706  0.324327
 463   486  5861.843603  0.127565
 464   459  8061.928976  0.156067
 464   479  67.303644  0.200000
 464   517  0.000000  0.222857
 465   480  875.775830  0.120336
 465   484  303.143099  0.186671
 466   459  3275.263614  0.108000
 466   480  1259.173740  0.162249
 466   487  267.600829  0.173336
 467   349  1660.329202  0.186930
 467   504  1021.833033  0.168000
 468   483  1638.803998  0.156000
 468   487  3190.416814  0.189452
 469   210  2339.094578  0.811582
 469   545  533.898764  0.377152
 469   547  6.185680  0.400000
 470   463  2979.052117  0.192158
 470   481  394.178404  0.186667
 471   455  498.461066  0.240019
 471   476  4853.707736  0.156000
 471   515  159.404557  0.200000
 472   462  0.000000  13.000000
 472   509  154.488440  0.186667
 473   461  2619.635522  0.183834
 473   819  215.970125  0.186667
 473    44  2667.980909  0.666667
 474     8  579.611489  0.666667
 474   452  436.473206  0.222866
 474   478  70.520345  0.200000
 474   517  8103.279923  0.168078
 475   214  1206.742459  0.330974
 475   453  92.324444  0.342857
 475   454  9056.704463  0.180525
 475   512  0.000000  0.257143
 476   471  149.982822  0.222857
 476   482  135.313865  0.200000
 476   568  4784.005958  0.168000
 477   427  445.144626  0.186668
 477   452  210.203926  0.180000
 478   477  445.144626  0.173337
 478   519  32.456905  0.173333
 479   465  54.495517  0.080000
 479   518  407.081185  0.173336
 480     8  616.253099  0.666667
 480   465  248.647582  0.120001
 480   466  1611.621368  0.166739
 480   479  394.273058  0.093335
 481   471  394.178404  0.200001
 481   482  0.000000  0.222857
 482   485  135.313865  0.186667
 482   569  0.000000  0.240000
 483   205  1906.404827  0.307138
 484   465  875.775830  0.187189
 484   489  303.143099  0.266673
 484   518  0.057740  0.200000
 485   470  2979.052117  0.192158
 485   546  135.313865  0.133333
 486   469  2339.094578  0.264000
 486   545  4161.711641  0.165874
 487   466  3190.416814  0.198393
 487   483  267.600829  0.280000
 488   436  369.092511  0.240000
 488   449  210.203926  0.168000
 489   215  0.000000  1.600000
 489   456  73.310119  0.240000
 489   484  826.823422  0.267244
 489   488  262.289886  0.222857
 490   458  3998.614096  0.351956
 490   506  0.000000  0.222857
 490   805  0.194695  0.240000
 491   467  0.000000  13.000000
 491   494  0.000000  0.222857
 492   451  0.000000  20.000000
 492   496  0.000000  0.222857
 492   506  0.000000  0.240000
 493   467  2682.162235  0.156000
 493   494  1.099067  0.173333
 494   495  1.099067  0.173333
 495   496  500.559642  0.266678
 495   511  2975.658742  0.168000
 496   492  0.000000  0.222857
 496   497  500.559642  0.213342
 496   512  0.000000  0.240000
 497   450  1358.422453  0.173341
 497   498  0.059714  0.240000
 497   513  44.702718  0.186667
 498   500  0.268776  0.173333
 498   514  1455.867032  0.168000
 499   396  2751.108081  0.200815
 499   493  2682.162235  0.168000
 500   472  154.488440  0.173333
 500   503  91.410518  0.173333
 501   473  4922.213529  0.346173
 501   510  69.205351  0.173333
 502   472  0.000000  13.000000
 502   503  69.205351  0.173333
 503   516  65.612087  0.186667
 503   566  73.167289  0.186667
 503    44  94.735006  0.666667
 504   460  1133.587751  0.156000
 504   505  1598.306530  0.347311
 505   451  3475.119317  0.168000
 505   506  2415.701239  0.256212
 506   490  0.000000  0.222857
 506   492  0.000000  0.240000
 506   507  2415.701239  0.229243
 507   450  1841.364841  0.491624
 507   457  1184.672027  0.173347
 507   508  1141.866094  0.226761
 508   462  1456.076095  0.168000
 508   509  1507.870782  0.173582
 509   473  520.514541  0.173336
 509   510  1141.844681  0.173406
 510   502  69.205351  0.186667
 510   564  1141.844681  0.186744
 511   453  3679.740419  0.180000
 511   499  2940.756870  0.381520
 512   475  0.000000  0.257143
 512   496  0.000000  0.240000
 512   511  3644.838546  0.336241
 513   454  2.300406  0.200000
 513   497  857.922525  0.186668
 513   512  3644.838546  0.268993
 514   455  1431.799616  0.180000
 514   513  3602.248127  0.316059
 515   500  245.630182  0.186667
 515   514  3578.180711  0.215005
 516   476  65.612087  0.200000
 516   515  3664.406335  0.219656
 517   422  41.408687  0.200000
 517   464  8061.928976  0.156067
 517   474  0.000000  0.240000
 518   478  407.081185  0.186670
 518   517  0.057740  0.200000
 519   484  49.010148  0.186667
 519   489  32.456905  0.186667
 520   463  4651.012230  0.168030
 520   481  0.000000  0.240000
 521   527  4213.371326  0.228079
 521   528  3837.163069  0.248253
 521   551  0.916787  0.240000
 521   555  3226.782708  0.222358
 521   682  0.000000  0.222857
 522   529  0.000000  14.000000
 522   551  0.000000  0.222857
 522   552  0.000000  0.222857
 522    45  0.000000  0.666667
 523   530  0.237572  0.240000
 523   542  0.000000  0.257143
 523   553  0.000000  0.257143
 523   581  4432.800801  0.156000
 524   536  3950.888040  0.235692
 524   657  33.745509  0.171429
 524   673  2399.052455  0.202198
 525   537  2107.625014  0.261381
 525   586  407.470949  0.200000
 525   595  4267.193949  0.168000
 525    53  327.972003  0.500000
 526   463  2889.003963  0.174857
 526   470  394.178404  0.066667
 527   521  3226.014473  0.208452
 527   528  1998.953264  0.067910
 527   716  4212.610765  0.228057
 528   548  1169.933771  0.173625
 528   563  4666.182563  0.311208
 529   549  283.539646  0.173334
 529   565  0.000000  13.000000
 530   523  4432.800801  0.168000
 530   541  417.467732  0.200003
 530   568  289.645525  0.222858
 530    45  616.041259  0.666667
 531   570  2979.052117  0.178433
 531   572  136.508694  0.173333
 532   533  4302.990367  0.230416
 532   571  0.220819  0.106667
 533   219  3643.121614  0.454725
 533   242  1122.901730  0.257200
 533   571  2865.637971  0.409970
 533   573  101.893007  0.188571
 533    15  1938.228202  0.833333
 534   531  2698.093079  0.190187
 534   542  0.000000  0.240000
 534   573  674.636404  0.222873
 535   555  5008.757256  0.259828
 535   559  2006.814480  0.187623
 535   589  2877.181559  0.204962
 535   721  1972.498537  0.174186
 536   524  2399.052455  0.215677
 536   561  2823.747316  0.173498
 536   588  0.000000  13.000000
 536   589  3746.232743  0.216497
 537   525  3779.671152  0.168000
 537   540  1398.603716  0.243198
 537   544  3953.767845  0.273072
 538   539  1793.601326  0.199306
 538   574  919.438518  0.186693
 538    15  1856.446078  0.833333
 539   226  1252.949749  0.540661
 539   579  1127.650094  0.186694
 540   537  3814.221148  0.168000
 540   580  1398.106341  0.225822
 540   584  568.349237  0.200014
 541   531  417.467732  0.186670
 541   542  0.000000  0.240000
 542   523  0.000000  0.257143
 542   534  0.000000  0.240000
 542   577  0.000000  0.222857
 543   540  74.778210  0.200000
 543   544  0.168777  0.240000
 544   538  3952.830976  0.254794
 544   579  1.105647  0.240000
 545   526  533.898764  0.066668
 545   547  4161.711641  0.331749
 546   526  2749.283603  0.217756
 546   547  135.313865  0.133333
 547   532  4303.211186  0.164967
 548   529  283.539646  0.173334
 548   551  2028.238806  0.187668
 549   550  283.519162  0.186667
 549   552  73.187773  0.186667
 550   530  151.659936  0.200000
 550   567  3524.743632  0.212308
 551   521  9.816624  0.240000
 551   522  0.000000  0.222857
 551    45  1094.131724  0.666667
 551   556  935.023869  0.173363
 552   522  0.000000  0.222857
 552   553  0.000000  0.240000
 552   558  73.187773  0.173333
 553   523  0.000000  0.257143
 553   550  3392.884407  0.222092
 553   552  0.000000  0.240000
 554   521  4087.399321  0.269256
 554   726  536.445559  0.173342
 555   521  3955.003473  0.235658
 555   535  3410.529356  0.210822
 555   554  535.905878  0.106672
 555    45  1219.190017  0.666667
 556   535  1149.367316  0.173408
 556   555  19.255447  0.080000
 557   522  0.000000  13.000000
 557   556  233.598894  0.173334
 558   557  233.598894  0.173334
 558   560  67.333937  0.186667
 559   557  0.000000  14.000000
 559   560  2006.814480  0.174221
 560   583  2006.780400  0.187623
 560   587  67.368016  0.173333
 561   562  550.035524  0.186678
 561   585  2833.950432  0.202668
 562   524  131.563500  0.068571
 562   673  825.942972  0.200071
 563   501  4666.182563  0.335147
 563   716  0.652401  0.160000
 564   548  1141.844681  0.186744
 564   563  0.652401  0.173333
 565   502  0.000000  14.000000
 565   564  0.652401  0.173333
 566   549  73.167289  0.173333
 566   565  0.652401  0.173333
 567   516  3664.406335  0.236553
 567   566  0.652401  0.186667
 568   476  149.982822  0.240000
 568   530  4899.928744  0.156000
 568   567  140.315105  0.200000
 569   541  0.000000  0.222857
 569   568  116.575188  0.200000
 570   485  2979.052117  0.192158
 570   569  116.575188  0.186667
 571   546  2749.283603  0.204146
 571   570  116.575188  0.173333
 571   572  0.000000  0.222857
 572   573  136.508694  0.240000
 573   239  101.893007  0.222857
 573   533  811.145098  0.188604
 573   534  0.000000  0.222857
 574   543  74.778210  0.186667
 574   575  844.660309  0.173350
 575   240  1251.385873  0.186791
 575   576  3372.848996  0.196059
 576   534  3372.729483  0.182054
 576   577  102.113295  0.186667
 577   578  0.000000  0.240000
 577   581  102.113295  0.200000
 578   543  0.168777  0.222857
 578   575  3779.574561  0.203057
 579   525  1127.650094  0.200029
 579   538  1.105647  0.180000
 579   595  0.000000  0.514286
 580   540  4307.294799  0.156000
 580   578  3779.743339  0.217565
 580   581  0.237572  0.240000
 581   523  0.237572  0.222857
 581   580  4307.169039  0.168000
 581   582  227.745057  0.200000
 582   553  3392.884407  0.206228
 582   558  227.745057  0.186667
 583   580  2382.000331  0.202208
 583   582  3392.884407  0.190322
 584   583  3768.104337  0.225989
 584   587  1095.418968  0.186900
 585   537  3210.196551  0.230450
 585   584  4295.174068  0.267536
 585    53  440.640949  0.500000
 586   562  407.470949  0.240000
 586   585  3841.864650  0.249552
 587   561  560.238639  0.173344
 587   588  602.548345  0.173348
 588   559  0.000000  0.173333
 588   589  602.548345  0.066672
 589   535  4239.807720  0.228582
 589   536  2877.181559  0.204962
 589   721  108.973368  0.133333
 590   535  3065.547439  0.192945
 590   554  4087.939002  0.269305
 591   594  1869.733997  0.360550
 591   595  0.183962  0.685714
 591   945  4514.909689  2.122732
 592   611  2899.007190  0.269262
 592   946  186.082163  1.200001
 593   600  108.975408  0.300000
 593   606  0.000000  0.300000
 593   607  0.000000  0.222857
 594   640  2160.193809  0.667179
 595   525  2105.894662  0.261293
 595   591  4347.584328  0.480001
 596   597  367.422713  0.771432
 596   599  1083.825289  0.173539
 597   229  1120.913002  0.941152
 597   598  229.842391  0.173335
 597    17  256.220798  0.666667
 598   597  736.699802  0.173551
 598   599  63.834822  0.737143
 598   619  166.007569  0.880001
 599   608  0.232795  0.222857
 599   610  1147.427316  0.186953
 600   601  81.881051  0.171429
 600   609  0.000000  0.500000
 600   612  144.800666  0.560000
 601   604  2645.954698  0.348914
 601    16  2227.574696  1.000000
 602   603  530.607625  0.137146
 602   605  95.241764  0.222857
 602    16  2049.157304  1.000000
 603   227  39.881379  0.720000
 603   606  13.733644  0.280000
 603   621  2029.285793  0.348642
 604   226  2645.954698  0.994406
 605   593  95.241764  0.222857
 605   604  0.000000  0.240000
 606   593  13.733644  0.300000
 606   603  0.000000  0.280000
 606   605  0.000000  0.085714
 607   596  367.422713  0.222858
 607   606  0.000000  0.377143
 608   600  117.706308  0.257143
 608   607  367.422713  0.222858
 608    17  1345.535617  0.666667
 609   608  1712.958330  0.241785
 609   610  0.000000  0.222857
 610   614  1147.427316  0.173599
 610   618  0.000000  0.908571
 611   601  4329.202487  0.380843
 612   592  186.082163  0.420001
 612   611  1430.195297  0.103167
 613   609  1712.958330  0.241785
 613   612  1471.476794  0.378450
 614   613  778.046252  0.222891
 614   616  1106.145819  0.186910
 615   613  2406.388872  0.249475
 615   616  154.026451  0.222860
 616   615  0.000000  0.222857
 616   617  1210.490968  0.311731
 616   919  49.681301  1.066667
 617   614  736.764755  0.462910
 617   616  0.000000  0.240000
 617   618  246.858360  0.222885
 617    19  1222.472087  0.833333
 618   617  166.007569  0.222861
 618   619  246.858360  0.137160
 619   598  736.699802  0.883240
 619   618  166.007569  0.137145
 619   918  0.000000  1.600000
 620   621  0.000000  0.771429
 621   596  1083.825289  0.333730
 621   620  0.000000  0.771429
 621    17  956.182585  0.666667
 622   623  1368.267654  0.488493
 622   883  817.556910  0.858354
 623   622  816.666092  0.480675
 623   636  2408.641720  0.418483
 623   646  1288.479501  1.042103
 623    50  381.488337  0.500000
 624   627  1774.394636  0.070943
 624   641  2383.467057  0.626251
 624   646  1898.726244  1.122871
 624    61  384.589143  0.583333
 625   629  1247.936074  0.606750
 625   641  663.643709  0.427014
 625   653  2702.815380  1.208797
 625    49  698.585796  0.750000
 626   638  3767.678484  0.178663
 626   640  4450.669499  0.824179
 626   658  0.000000  55.000000
 627   624  4281.080824  0.282794
 627   892  1044.904855  0.670755
 627   899  442.145333  0.600040
 627    58  536.832325  0.533333
 628   630  1246.684673  0.604562
 628   642  327.860269  0.533748
 628   643  0.000000  1.000000
 629   625  425.611377  0.600034
 629   628  0.000000  1.100000
 629   632  920.244712  0.685945
 629   653  3949.295107  0.639999
 629    62  187.211601  0.666667
 630   628  327.860269  0.467029
 630   629  4055.753533  0.755836
 630   632  5500.409448  0.431292
 630   902  5923.492692  0.718389
 630    61  521.748836  0.583333
 630  1013  2330.244457  0.893598
 631   646  0.000000  0.300000
 631   899  258.974506  1.000018
 632   630  6001.529811  0.447214
 632   637  6492.212144  0.257701
 632   924  533.823707  0.411438
 632    64  362.257539  0.750000
 633   634  2474.990445  0.590918
 633   644  2393.527350  0.180054
 633    40  1115.759397  1.083333
 634   635  131.716188  0.257143
 634   649  1718.953300  1.139002
 634   667  1432.288578  0.560639
 634   885  1218.496308  0.692628
 635   634  1012.877426  0.258193
 635   644  0.890817  0.428571
 635  1019  2586.874919  0.270905
 636   623  434.969579  0.333375
 636   645  3043.768741  0.252843
 636   650  0.000000  0.506667
 637   632  5185.337073  0.233007
 637   638  4816.963662  0.280690
 637   713  4993.682421  1.072676
 637    62  656.565111  0.666667
 638   626  4450.669499  0.234670
 638   637  5130.807954  0.332883
 638   923  2515.272961  0.432630
 639   947  332.359305  1.200042
 640   626  3767.678484  0.133770
 640   659  4415.118748  0.577104
 640    52  53.780751  0.533333
 641   624  715.146032  0.507242
 641   625  2173.146413  0.492829
 641   642  293.997611  0.600178
 642   628  1246.684673  0.690929
 642   641  135.179289  0.600004
 642   893  297.308629  0.733702
 642    61  18.991021  0.583333
 643   896  0.000000  0.600000
 644   622  1369.158471  0.408094
 644   635  1025.259696  0.344351
 645   636  47.160000  0.205714
 645   700  1481.948135  0.428739
 645  1018  2834.637705  0.277037
 646   260  0.000000  3.000000
 646   623  2706.294038  1.564704
 646   624  918.643098  1.031120
 646   631  258.974506  0.300131
 646    49  522.615204  0.750000
 647   656  95.379535  0.173333
 647   753  939.121109  0.222877
 648   647  0.000000  0.222857
 648   710  0.000000  0.222857
 649   634  131.716188  1.080000
 649   665  0.000000  0.274286
 649   679  1793.483300  0.345993
 649   683  193.330882  0.171429
 649   885  319.387304  1.000047
 650   636  1022.936600  0.509607
 651   740  14.892448  0.222857
 652   650  1022.936600  0.080021
 652   701  3326.638619  0.203611
 652    50  223.113502  0.500000
 653   625  675.488271  0.806159
 653   706  3804.661538  1.021328
 653   712  4216.652831  0.297012
 653    62  392.302288  0.666667
 654   704  699.763954  0.173342
 654   751  3716.272587  0.220990
 655   629  0.100342  1.140000
 655   708  3625.225375  0.664806
 655   712  274.217463  0.253334
 655    51  591.427455  0.583333
 656   654  790.811166  0.186682
 656   709  0.000000  0.173333
 657   536  0.000000  14.000000
 657   671  33.745509  0.222857
 658   672  0.000000  0.173333
 658   756  0.000000  13.000000
 659   673  9236.048828  1.252929
 659    52  55.633308  0.533333
 660   666  3566.722787  0.229393
 660   680  4.135000  0.222857
 660   681  0.000000  0.240000
 661   647  1034.500644  0.173378
 661   754  3905.749424  0.235963
 662   668  3801.533170  0.261156
 662   693  0.000000  0.222857
 663   669  3883.826416  0.252459
 663   695  0.033721  0.222857
 664   591  2037.243320  0.522218
 664   594  290.459812  0.200001
 664    53  495.349048  0.500000
 665   649  267.860882  0.274334
 665   677  534.581096  0.306682
 666   678  2504.089173  0.196290
 666   717  4814.730024  0.322569
 666    42  16.951292  0.666667
 667   651  14.892448  0.274286
 667   688  1495.208588  0.160221
 668   690  1364.013987  0.186837
 668   730  3772.509013  0.224523
 668    43  0.000000  0.583333
 669   670  2178.186049  0.188041
 669   722  3286.351826  0.202493
 670   536  2140.962916  0.204897
 670   671  1566.303208  0.186999
 671   663  0.033721  0.240000
 671   698  1600.014996  0.187032
 672   661  0.359008  0.186667
 672   711  2598.387938  0.176223
 673   524  3853.070049  0.206954
 673   664  2399.356672  0.468623
 673   720  6027.965730  0.313491
 673   750  2423.496557  0.180502
 674   675  767.653005  0.186706
 674   778  4047.077020  0.338327
 675   676  768.575651  0.133361
 675   718  875.198167  0.186753
 676   715  2694.811186  0.056885
 676   716  3578.185383  0.213396
 676   777  5717.572428  0.307816
 676    42  1121.175152  0.666667
 677   741  3768.550439  0.191455
 678   681  875.198167  0.186753
 678   719  2504.089173  0.182269
 679   649  451.103492  0.342861
 679   677  3233.969343  0.215578
 679   680  0.000000  0.342857
 679    42  928.126885  0.666667
 680   660  0.000000  0.222857
 680   679  4.135000  0.342857
 680   685  0.264355  0.173333
 681   660  4.135000  0.240000
 681   682  0.000000  0.222857
 681   687  871.063167  0.173412
 682   521  0.000000  0.222857
 682   681  0.000000  0.222857
 682   719  1119.919791  0.240052
 683   738  193.330882  0.205715
 684   679  2590.935231  0.183400
 684   683  0.000000  0.200000
 685   684  154.342048  0.173333
 685   732  19.400770  0.186667
 686   660  3566.722787  0.213008
 686   685  173.478463  0.173333
 687   686  173.856652  0.186667
 687   727  1577.410468  0.187846
 687    42  554.400671  0.666667
 688   689  1131.311512  0.173402
 688   736  3675.000770  0.220677
 688    43  496.335478  0.583333
 689   668  1131.324263  0.173402
 689   693  115.770028  0.200000
 689    43  19.136415  0.583333
 690   691  1401.224369  0.173512
 690   694  1307.395447  0.200548
 691   669  1580.711459  0.173640
 691   724  2047.386536  0.223798
 692   651  0.000000  0.171429
 692   688  3728.455080  0.258185
 693   692  0.000000  0.222857
 693   734  115.770028  0.186667
 694   662  0.000000  0.240000
 694   696  1307.404828  0.173808
 695   691  2226.873626  0.258792
 695   694  0.009381  0.222857
 696   723  1819.285307  0.173910
 696   745  1751.694942  0.175079
 696    43  420.323428  0.583333
 697   663  3883.826416  0.252459
 697   698  1721.736149  0.187150
 698   699  1662.806769  0.173718
 698   748  1658.944376  0.173731
 699   657  0.000000  14.000000
 699   673  2242.844752  0.174789
 699    52  551.649153  0.533333
 700   650  0.000000  0.240000
 700   701  2199.929689  0.094060
 700    50  352.477161  0.500000
 701   702  1453.818034  0.173547
 701   743  4072.750274  0.247967
 702   704  212.862909  0.173333
 702   751  2290.587502  0.174942
 702    51  992.728745  0.583333
 703   729  3854.607196  0.229316
 703   744  1989.643923  0.174187
 704   652  119.053767  0.173333
 704   707  793.573096  0.173385
 705   640  1534.310257  0.536181
 705   658  0.000000  0.173333
 706   652  4453.634954  0.285017
 706   707  0.000000  0.222857
 706    51  0.000000  0.583333
 707   708  0.000000  0.222857
 707   712  793.573096  0.693540
 708   654  3625.225375  0.216062
 708   709  0.000000  0.240000
 709   648  0.000000  0.222857
 709   655  0.000000  0.860000
 710   661  4939.891060  0.348906
 710   711  617.905885  0.240003
 710    51  283.928800  0.583333
 711   714  3216.293822  0.472726
 712   653  1067.790559  0.200223
 712   655  4216.652831  0.376215
 713   710  4575.360634  0.688389
 713   714  418.321788  0.257156
 714   638  3512.108268  0.311818
 714   640  0.000000  0.514286
 714   658  0.000000  1.000000
 714    52  442.401788  0.533333
 715   501  325.236317  0.186668
 715   819  2369.574869  0.242095
 716   527  3578.185383  0.213396
 716   676  6191.250337  0.355771
 716   718  0.000000  0.213333
 717   674  4814.730024  0.322569
 718   678  875.198167  0.173818
 718   717  0.000000  0.186667
 719   527  1646.021794  0.120950
 719   716  1977.987171  0.240886
 720   586  3841.864650  0.249552
 720   595  2186.101079  0.201438
 721   670  1529.080075  0.173611
 721   722  552.391830  0.186678
 722   590  4789.121634  0.327919
 722   724  78.212957  0.173333
 722    43  554.292678  0.583333
 723   695  2226.849286  0.241539
 723   697  1696.734917  0.173754
 724   725  2119.664060  0.223974
 724   728  5.935432  0.173333
 725   590  2364.364807  0.175173
 725   726  1438.611326  0.240178
 726   682  1119.919791  0.222905
 726   687  855.137094  0.173405
 727   725  1683.312073  0.173741
 727   728  1344.467477  0.173872
 728   690  1344.605829  0.173872
 728   730  5.797081  0.186667
 729   662  3801.533170  0.243746
 729   696  1630.788121  0.187048
 730   731  3778.306094  0.224881
 730   733  0.000000  0.173333
 731   686  3566.344599  0.229373
 731   727  1450.369082  0.186893
 732   731  1238.407587  0.173437
 732   733  134.919195  0.173333
 733   689  134.919195  0.173333
 733   736  0.000000  0.173333
 734   729  1577.714095  0.173645
 734   744  115.770028  0.173333
 735   692  3728.455080  0.240973
 735   734  1577.714095  0.173645
 736   737  3675.000770  0.220677
 736   739  0.000000  0.173333
 737   684  2436.593183  0.194925
 737   732  1353.926012  0.173487
 738   737  115.518425  0.186667
 738   739  77.812458  0.222857
 739   667  77.812458  0.222857
 740   735  3297.458749  0.125579
 740   742  14.892448  0.240000
 741   666  3768.286084  0.226248
 741   680  0.264355  0.186667
 742   700  340.690094  0.222858
 742  1018  3118.574701  0.552462
 743   735  2008.710425  0.176642
 743   742  3444.372348  0.112625
 744   702  725.081453  0.173368
 744   743  1380.332499  0.173501
 745   703  2059.143970  0.187740
 745   752  696.740265  0.173362
 746   723  2104.298896  0.223932
 746   745  1004.189293  0.173374
 747   697  3908.827648  0.236185
 747   746  917.636126  0.173361
 748   747  917.889857  0.186696
 748   755  1630.240820  0.173702
 749   699  0.000000  13.000000
 749   748  889.186301  0.173357
 750   749  889.186301  0.173357
 750   757  1534.310257  0.174259
 751   703  3785.107149  0.224871
 751   752  2221.752940  0.188190
 752   656  695.431631  0.173362
 752   753  2223.061574  0.174752
 753   746  2190.852064  0.224172
 753   754  971.330619  0.173369
 754   747  3908.573917  0.236167
 754   755  968.506126  0.186705
 755   672  2598.746945  0.176225
 755   756  0.000000  0.173333
 756   749  0.000000  13.000000
 756   757  0.000000  0.173333
 757   705  1534.310257  0.174259
 758   336  4773.861459  0.793573
 758   364  104.868893  0.291429
 758   779  1335.545892  0.192000
 758   786  4348.286427  0.232144
 758    35  2297.169076  0.750000
 759   765  695.263187  0.240002
 759   772  2970.439433  0.247072
 760   761  495.815926  0.257143
 760   782  4106.840906  0.420000
 760    35  161.513080  0.750000
 761   781  2186.433922  0.387703
 761   868  101.845296  0.102857
 761   869  1616.041461  0.222444
 761    41  1299.799318  0.916667
 762   766  4713.976095  0.295322
 762   775  2262.633328  0.120838
 762   793  5247.431887  0.491593
 762   813  2714.391116  0.339818
 762   817  50.953109  0.173333
 762   865  673.644767  0.666762
 763   764  4433.680987  0.156631
 763   781  1651.991949  0.209427
 763   793  4765.575533  0.165610
 763    36  1932.727505  0.616667
 764   763  3846.486866  0.145766
 764   780  5658.790175  0.072008
 764   791  4291.300128  0.229860
 764    36  260.835508  0.616667
 765   760  463.186316  0.462858
 765   975  1658.954142  0.204000
 766   762  5718.142339  0.369437
 766   777  3676.996363  0.215120
 766   818  1678.316315  0.053460
 767   765  1426.877271  0.288000
 767   772  4024.782320  0.237274
 767   791  4537.694308  0.222759
 767    36  335.065790  0.616667
 768   366  3936.717933  0.264312
 768   790  3491.935411  0.210504
 769   771  1495.538929  0.187596
 769   772  3429.854400  0.211097
 769   786  4070.433465  0.223638
 770   773  3020.685208  0.193025
 770   789  375.624410  0.222858
 771   758  0.000000  0.480000
 771   759  695.263187  0.205716
 771   974  800.275743  0.994327
 772   767  4872.685621  0.269933
 772   769  4028.334413  0.222569
 772   810  1524.056119  0.160240
 773   774  2402.533196  0.194335
 773   796  1015.881293  0.173376
 774   792  2881.603485  0.189294
 774   811  1125.680158  0.156000
 775   868  2262.633328  1.080475
 776   762  4046.730165  0.319495
 776   766  641.336583  0.133338
 777   675  876.120813  0.200093
 777   676  4646.894497  0.242814
 777   766  5718.142339  0.307864
 777   778  0.000000  0.200000
 778   776  4688.066749  0.262423
 779   783  518.904848  0.168000
 779   787  1407.732165  0.173516
 779    31  439.841128  0.616667
 780   763  1465.707030  0.120548
 780   812  7074.686629  0.156769
 781   761  1651.991949  0.349045
 781   763  1352.575996  0.204061
 781   782  833.857926  0.240340
 782   764  4940.698832  0.120001
 783   366  2478.120759  0.167565
 783   768  137.025184  0.156000
 784   768  4811.890628  0.156001
 785   403  0.000000  0.240000
 785   808  1370.882161  0.156000
 786   758  4256.378398  0.228838
 786   769  3759.500654  0.216690
 786   787  943.960639  0.133423
 787   769  832.367317  0.186686
 787   788  1519.325486  0.187683
 788   783  2096.241094  0.177232
 788   790  901.188854  0.173427
 788    36  687.838235  0.616667
 789   769  375.624410  0.186669
 789   788  1423.338683  0.187419
 790   770  3354.751892  0.220455
 790   794  1038.372373  0.173504
 791   764  4537.694308  0.238670
 791   767  4291.300128  0.214536
 791   792  0.000000  0.205714
 792   780  2881.603485  0.174733
 793   762  4764.929205  0.447094
 793   763  5256.898717  0.182470
 793   813  0.646329  0.154286
 794   784  2657.655542  0.184276
 794   809  1040.676824  0.173506
 795   770  41.557726  0.173333
 795   794  2659.959993  0.198497
 796   795  2659.959993  0.184319
 796   815  761.864034  0.173345
 796    36  903.617962  0.616667
 797   774  1604.750447  0.156000
 797   796  3291.313252  0.217247
 798   799  2149.410270  0.255123
 798   804  4804.165225  0.156001
 799   805  0.000000  0.222857
 799   813  0.194695  0.222857
 799   817  2150.056599  0.255125
 800   388  1217.292820  0.187039
 800   785  0.000000  0.222857
 801   800  0.000000  0.240000
 801   814  41.557726  0.186667
 802   348  762.382275  0.186680
 802   801  0.000000  0.222857
 803   802  2.149151  0.240000
 803   816  2068.202674  0.156000
 803    37  0.000000  0.700000
 804   458  5702.427304  0.223308
 804   803  2.679767  0.445714
 805   490  0.000000  0.240000
 805   799  0.194695  0.222857
 805   804  900.941846  0.325741
 806   457  567.529696  0.188427
 806   805  900.941846  0.325741
 806   817  1132.513921  0.173337
 807   461  3147.841396  0.168000
 807   806  902.196396  0.291452
 808   784  2154.235086  0.156000
 808   809  176.615997  0.173342
 809   800  1217.292820  0.173679
 809   808  0.000000  0.173333
 810   773  397.729281  0.173334
 810   789  1423.338683  0.174032
 811   767  828.668313  0.060000
 811   810  297.011845  0.186667
 812   797  3035.101100  0.386483
 812   798  6744.704510  0.156344
 813   793  9.466830  0.154286
 813   799  0.646329  0.222857
 813   812  2705.118981  0.256519
 814   795  41.557726  0.173333
 814   815  0.000000  0.173333
 815   802  760.233124  0.173345
 815   816  1.630910  0.186667
 816   797  1860.962599  0.156000
 816   798  208.870985  0.346667
 817   762  1133.228593  0.173337
 817   806  567.529696  0.174968
 817   818  1632.765340  0.213771
 818   777  1630.618733  0.187047
 818   807  1680.462923  0.173748
 819   777  215.970125  0.146667
 819   807  2369.574869  0.224803
 820   826  1240.903510  0.173316
 820   827  530.677963  0.548664
 820   831  2878.920147  22.402575
 821   824  3469.973230  0.540000
 821   830  1912.279734  0.135311
 821   832  0.053197  1.100000
 821   840  3740.023735  0.456000
 821    25  1617.483252  1.250000
 822   828  49.823788  0.514286
 822   837  1092.772772  0.303864
 822   838  1425.101921  1.358722
 823   829  3484.118731  1.510117
 823   830  3267.085088  0.619458
 823   836  642.968066  0.160113
 823    23  1589.276028  1.083333
 824   821  4757.283732  0.540003
 824   825  1442.256982  0.547039
 824    27  961.877412  0.666667
 824  1016  5580.190687  0.794542
 825   328  1244.317809  0.364799
 825   833  1874.127049  0.554751
 825    28  880.705246  0.666667
 826   820  1558.576608  0.177238
 826   838  870.176928  0.535078
 826   839  1388.251954  1.485020
 827   820  1884.509666  0.596259
 827   828  128.479019  1.100000
 827   854  1009.426491  0.602396
 827    24  614.313576  1.166667
 828   822  1092.837228  0.517365
 828   852  66.668854  0.685714
 829   823  3068.934678  1.162920
 829   834  963.643969  0.663132
 829   852  2819.406858  0.601507
 830   821  394.832447  0.133335
 830   823  3923.656440  0.726278
 830   847  3461.805119  0.540090
 831   249  2324.122130  5.404181
 831   826  312.031184  1.400889
 831   827  343.733776  1.800073
 831    22  920.413000  1.166667
 832   324  0.000000  0.533333
 832   833  682.899444  0.171528
 832   846  2003.484905  0.344160
 832    27  90.200588  0.666667
 833   825  682.899444  0.548891
 833   832  2093.632296  0.172238
 834   758  963.643969  0.514489
 834   856  1758.635684  0.777865
 835   821  937.101576  0.668632
 835   845  1169.461013  0.943926
 835    23  338.697510  1.083333
 836   822  1474.861254  0.946212
 836   823  457.563291  0.160025
 836   824  1653.780312  0.629610
 836   835  1.805155  0.514286
 836    23  1922.808569  1.083333
 837   835  2341.811104  0.605006
 838   820  1207.415346  0.661263
 838   837  1249.038331  1.153550
 838    24  926.589192  1.166667
 839    78  747.572000  0.833333
 839   826  2264.070796  1.765638
 839   845  520.794850  1.371639
 839   848  1017.249420  1.715250
 839    23  795.498894  1.083333
 840   821  2457.988986  0.456000
 840   843  4306.140329  1.213976
 840   845  747.636298  0.051475
 840   847  386.448515  0.822886
 840   850  1.656512  1.700000
 841   317  5497.034069  0.238308
 841   846  501.862227  0.257176
 841   847  2600.929184  0.267063
 841    25  560.004748  1.250000
 842    74  0.000000  0.833333
 842   322  0.000000  0.548571
 843   840  2324.568580  1.063698
 843   849  4464.619768  0.424475
 843   850  40.563000  1.066667
 844   322  584.677461  0.500036
 844   842  0.000000  0.634286
 844   850  303.867594  0.666669
 844    26  42.202495  0.666667
 845   839  748.001991  1.372680
 845   840  1689.890169  0.054047
 846   832  682.899444  0.342884
 846   841  1796.990067  0.257714
 846   851  834.755080  1.200062
 847   830  2600.929184  0.540001
 847   841  3848.253633  0.269212
 848    76  141.392721  0.833333
 848    78  58.870000  0.833333
 848    81  73.887401  0.833333
 848    82  24.650207  0.833333
 848    83  16.440107  0.833333
 848   839  1362.961560  1.718363
 848   849  824.369901  0.895441
 849    75  2464.078000  0.833333
 849    76  509.968903  0.833333
 849    77  586.492071  0.833333
 849    85  492.326537  0.833333
 849    86  9.478439  0.833333
 849    87  398.674943  0.833333
 849   103  198.625000  0.833333
 849   104  158.886000  0.833333
 849   106  268.268000  0.833333
 849   107  86.099858  0.833333
 849   108  128.320000  0.833333
 849   109  148.913000  0.833333
 849   843  2365.131580  0.363826
 849   848  939.139776  0.929971
 849    25  167.923000  1.250000
 850   840  145.388155  1.700001
 850   843  158.479439  1.066667
 850   844  42.219512  0.666667
 851   844  627.027883  0.342859
 851   846  809.297458  1.201613
 851    26  835.592505  0.666667
 852   828  981.203275  0.688134
 852   829  3367.866774  0.849739
 852   855  2338.915082  0.303954
 852   856  530.742223  0.377206
 853   250  1943.508660  3.035861
 853   860  1510.467141  0.599804
 854   827  2279.963152  0.733085
 854   852  0.000000  1.560000
 854   857  1009.426491  0.378649
 855   852  3450.606007  0.354144
 855   857  686.667721  1.165809
 855   859  3512.623250  0.423351
 855    24  4098.108232  1.166667
 856   852  882.045635  0.377917
 856   855  2402.822513  0.356160
 856   962  822.428455  0.635209
 857   854  2279.963152  0.460796
 857   858  1696.094212  0.270360
 858   857  2279.963152  0.314179
 858   859  470.733785  1.080101
 858   961  394.309461  0.325727
 858    33  1301.971475  1.083333
 859   855  4507.033496  0.581617
 859   858  0.283700  1.080000
 859   964  3513.611323  0.390876
 860   872  1843.645531  0.350753
 860   963  1510.043579  0.317531
 861   863  2249.862826  0.110056
 861   870  4009.957867  1.004515
 862   873  3624.979231  0.564009
 863   876  3020.111342  0.227907
 864   869  2467.686829  0.156079
 864   870  2304.522537  0.420068
 864   875  0.000000  0.394286
 864   967  459.315292  0.466667
 864   977  616.246028  0.377280
 865   866  100.862486  0.560002
 865   875  673.644767  0.426707
 866   665  802.441979  0.901817
 866   778  640.989729  0.940674
 866    41  1.211866  0.916667
 867   861  0.000000  0.420000
 867   882  2122.947048  0.535412
 868   865  100.862486  0.380000
 868   869  2263.616138  0.240000
 869   761  1305.823959  0.216847
 869   864  2438.794689  0.156065
 869    35  3104.209198  0.750000
 870   861  2249.862826  0.360039
 870   864  3083.513498  0.429208
 870   967  4.291243  0.548571
 870    34  1804.211678  0.916667
 871   267  1221.944398  0.773087
 871   872  1057.671543  0.588524
 871   880  1244.113911  1.283636
 872   853  2088.408532  0.606206
 872   871  812.908542  0.535793
 873   879  6346.675034  0.579221
 873   886  4131.629761  0.300001
 873    39  1242.180968  0.833333
 874   965  4446.337129  0.765070
 875   863  770.248516  0.666840
 875    41  78.482500  0.916667
 876   862  1564.587907  0.208738
 876   866  299.869451  2.000043
 876   878  2503.695411  0.576178
 877   861  4009.957867  0.287270
 877   876  1285.485703  0.203420
 878   879  203.912031  0.171429
 878   881  2299.783380  0.461990
 879   267  797.181729  2.157225
 879   874  3496.577518  0.828949
 879   877  2705.287314  0.511594
 880   871  226.319084  0.942929
 880   874  949.759611  0.687774
 880   877  2590.156257  0.362572
 880    39  102.566807  0.833333
 881   255  1198.873263  3.973435
 881   871  1193.858878  1.080125
 881   880  736.920457  0.257360
 881    39  45.615625  0.833333
 882   862  2060.391324  0.156000
 882   876  62.555724  0.137143
 883   622  0.000000  0.857143
 883   633  0.056884  0.205714
 883   873  2053.995013  1.569364
 883   887  0.021432  3.000000
 883    40  926.611603  1.083333
 884   633  2212.835656  0.625241
 884   883  0.000000  0.666667
 885   665  0.000000  1.340000
 885   884  392.975246  0.580071
 885    41  1447.398316  0.916667
 886   634  881.870315  0.857240
 886   635  1429.899035  0.801450
 886   884  1819.860410  0.228427
 887   254  275.343626  1.801044
 887   261  51.615521  1.400000
 887   265  0.000000  4.000000
 887   883  109.664673  3.000015
 887    47  62.950867  0.666667
 888   892  751.427809  0.093465
 888    58  269.221675  0.533333
 889   269  126.572052  1.800018
 889   892  3478.067404  3.269835
 889   980  1372.016668  0.706715
 889    56  201.889000  0.500000
 889    57  232.870819  0.533333
 889    59  277.584969  0.500000
 890   891  704.217963  0.617554
 890   898  2456.081229  0.339416
 890    48  617.091479  0.750000
 891   251  1159.218715  0.151648
 891   264  1402.872320  2.775118
 891   890  1308.164063  0.626068
 891    55  328.067022  0.633333
 892   627  2453.108764  0.848570
 892   888  269.221675  0.093335
 892   889  1542.161151  1.249387
 892   893  1757.994407  0.624217
 893   642  1021.565779  0.821429
 893   892  496.973159  0.267984
 893   894  623.493079  0.685967
 893    60  202.644266  0.416667
 894   896  623.493079  0.257238
 895   892  251.112771  0.874289
 895   894  0.000000  0.291429
 896   902  1584.225498  0.266604
 896    60  0.000000  0.416667
 897   895  251.112771  0.257144
 897   896  167.666560  0.291429
 898   260  1082.862149  1.077694
 898   890  858.989940  0.257600
 898   899  1373.362746  0.959988
 899   627  989.081830  0.602165
 899   888  384.280916  0.900100
 899   898  701.119840  0.943472
 900   897  77.538913  0.102857
 900   902  6040.179544  0.534744
 900   909  3655.777072  0.539510
 900   990  2665.583377  0.995984
 900    60  304.182734  0.416667
 901   905  0.578980  0.857143
 901   906  1059.051120  0.659126
 901   909  145.161405  0.500009
 902   630  7806.457734  0.910889
 902   900  5832.997098  0.473600
 902   903  0.000000  1.000000
 902   908  3.295101  0.340000
 902    63  790.350468  0.533333
 903   639  332.359305  0.260009
 904   903  332.359305  0.300255
 904   905  1588.109072  0.515619
 904    70  114.353244  0.833333
 905   908  1588.688052  0.248936
 906   901  145.740385  0.560011
 906   904  72.023891  0.880001
 906   910  0.000000  0.480000
 906   959  1170.561635  0.521691
 907   897  341.240417  0.188572
 907   900  4818.286416  0.182400
 908   900  1922.489232  0.206529
 908   909  0.000000  1.340000
 908    63  51.647056  0.533333
 909   901  1059.051120  0.588506
 909   983  2741.887356  0.298821
 910   906  111.510515  0.480003
 910   950  2.468094  1.380000
 910   960  0.000000  0.257143
 911   925  3562.831501  0.726312
 911   926  2884.496097  0.191434
 912   914  3615.985353  1.076547
 912   937  3093.139285  0.287095
 912   942  257.566315  0.171429
 913   920  462.036796  0.188574
 913   943  574.541513  0.777090
 913  1008  0.000000  0.514286
 914    18  80.412800  0.916667
 914   912  393.364939  0.840004
 914   917  0.000000  0.771429
 914   931  3591.680353  1.009897
 914   946  2460.497766  0.271551
 915    21  13.278348  0.500000
 915   916  1128.424946  0.336172
 915   943  46.280880  0.942857
 916    20  728.350000  0.750000
 916   915  59.559229  0.333333
 916   932  1207.311727  1.079098
 916   934  88.861477  0.942858
 917   914  2316.016347  0.805033
 917   935  0.000000  0.685714
 917   937  0.000000  0.600000
 918   619  489.841442  1.600310
 918   919  0.000000  0.514286
 919    19  0.000000  0.833333
 919   918  489.841442  0.514293
 919   931  0.000000  0.222857
 919   932  102.895301  0.360000
 920   913  574.541513  0.188579
 920   929  120.815264  0.274286
 920   933  576.340929  0.274298
 921   922  997.175309  0.620446
 921   936  1147.951075  0.242292
 921   938  4509.372313  0.496907
 921    65  325.438619  0.866667
 922   921  1086.003726  0.653120
 922   927  2484.238053  0.580915
 922   939  2495.035548  0.540492
 922   948  619.836420  0.472722
 923   911  2884.496097  0.889680
 923   925  0.000000  0.600000
 923    64  647.296996  0.750000
 924   637  3205.045900  0.351703
 924   923  530.678843  0.240005
 925   923  0.000000  0.600000
 925   924  3201.901036  0.638040
 925    64  360.930466  0.750000
 925  1013  0.340743  0.480000
 926   911  3562.831501  0.198884
 926   939  1941.948199  0.535701
 926   942  2776.791924  0.647363
 926    65  826.899053  0.866667
 926  1013  2635.934671  0.733514
 927   922  3445.458772  0.606165
 927   928  2482.196991  0.621414
 927   940  2275.090096  0.733303
 928   927  5717.650460  0.947847
 928   940  0.000000  1.950000
 928    73  1267.229225  0.583333
 928  1005  1616.452785  0.789625
 929   920  809.622791  0.274655
 929   930  880.770530  0.264061
 929  1008  0.000000  0.242424
 930  1007  3343.950860  1.150301
 931   615  2560.415322  1.445177
 931    19  1630.074913  0.833333
 931   914  473.777738  0.788582
 931   919  513.071442  0.222861
 932   916  102.895301  1.066667
 932   931  1207.311727  0.692321
 933   920  0.038120  0.274286
 933   934  235.835186  1.028675
 933   935  430.083008  0.514291
 934   916  235.835186  0.942952
 934   933  88.861477  1.028572
 934   943  0.000000  0.500000
 935   917  1545.408948  0.689739
 935   933  0.753908  0.514286
 935   936  430.083008  0.267355
 936   921  981.050254  0.220075
 936   929  1569.578057  0.244367
 936   935  1546.162855  0.476234
 936    65  329.535328  0.866667
 937    18  1587.206579  0.916667
 937   917  770.607399  0.626073
 937   936  1684.087618  0.245106
 937   938  0.000000  0.240000
 938    18  934.268339  0.916667
 938   937  771.556933  0.250489
 938   939  0.715843  0.700000
 938   942  3316.295222  0.302708
 939   922  1848.946070  0.535231
 939   926  2493.838276  0.540476
 939   938  94.915245  0.700002
 940   921  4572.909118  0.513679
 940   927  0.857345  0.600000
 940    73  2.218775  0.583333
 941   940  1725.130823  0.195877
 941   944  3716.094418  1.519070
 942   912  4381.925776  0.296220
 942   926  808.258714  0.600109
 942   944  1160.468971  0.200641
 943    21  186.550652  0.500000
 943   913  462.036796  0.773421
 943   915  387.990862  0.943845
 943   934  0.000000  0.500000
 944   659  4876.563389  3.129778
 945   912  2051.729359  0.178820
 945   930  2463.180330  1.129001
 946    18  46.411282  0.916667
 946   912  139.670881  0.857143
 946   914  0.000000  0.257143
 946   592  2899.007190  2.062591
 947   948  276.038216  1.400505
 947    63  236.808475  0.533333
 947  1011  317.642182  1.457202
 947  1013  301.441072  1.160042
 948   922  393.533597  0.467478
 948   947  241.494869  1.400272
 948   955  378.412351  2.316487
 949   953  1527.634864  1.147499
 949   959  761.214990  0.502977
 949    71  736.665688  0.833333
 950   958  1932.887962  1.694777
 950   983  262.022039  0.760025
 950   990  770.330727  0.212242
 951   952  1090.702567  1.551882
 951   956  17.346555  0.600000
 951    72  1055.544403  0.916667
 951  1010  222.625267  0.428572
 952   951  769.206225  1.544472
 952   958  0.000000  0.600000
 952   982  942.300528  0.342868
 952   985  531.584836  0.325770
 953   949  1040.045299  1.025044
 953   956  0.000000  2.420000
 953   957  1527.634864  0.688499
 954    91  77.130963  0.833333
 954   957  175.955803  0.800006
 955   948  117.566181  2.314293
 955   957  1565.427331  1.851575
 955  1005  297.722856  1.400111
 956   951  9.926861  0.600000
 956   953  0.000000  2.420000
 956   957  17.346555  2.300000
 957   953  1040.045299  0.615027
 957   954  77.130963  0.800000
 957   955  414.274491  1.101659
 957   956  9.926861  2.300000
 957    72  2016.746597  0.916667
 958   952  356.642132  0.600000
 958   960  111.510515  1.200000
 958    71  1473.944163  0.833333
 959   906  217.764276  0.500009
 959   949  1766.232483  0.643830
 959   960  2.532718  0.514286
 959    70  540.920000  0.833333
 960   910  113.978608  0.257144
 960   958  9.208847  1.200000
 960    70  0.000000  0.833333
 961   858  948.962993  0.326687
 961   963  457.731493  0.925779
 961   964  2863.633736  0.688349
 961    33  1087.716557  1.083333
 962   786  541.119798  1.394568
 962   856  1817.918696  0.680156
 962   974  236.097759  0.306669
 962    34  1435.676017  0.916667
 963   860  1843.221970  0.332265
 963   961  1093.351302  0.931198
 963   965  1996.369073  1.078522
 963    33  1052.825477  1.083333
 964   859  4037.287783  0.453086
 964   961  2057.933385  0.684015
 964   965  1902.887391  0.436122
 964   969  3217.048982  0.144007
 964    34  523.396995  0.916667
 965   867  2122.947048  0.682432
 965   963  2295.101150  1.174574
 965   964  3510.583926  0.942771
 965   970  1065.368516  0.295262
 966   971  91.189013  0.240000
 966   973  2631.172552  0.384000
 966   974  1664.545491  0.139838
 966    35  824.252646  0.750000
 967   970  648.407047  0.560406
 967   971  127.925046  0.333334
 967   978  2537.188574  0.384000
 967    34  368.700310  0.916667
 968   859  0.283700  0.342857
 968   969  919.415244  0.184639
 969   964  919.415244  0.144000
 969   966  3217.048982  0.600000
 970   867  0.000000  0.514286
 970   965  648.407047  0.293546
 970   967  1065.368516  0.563681
 971   966  871.489101  0.240657
 971   967  681.116600  0.333635
 972   759  2970.439433  0.274525
 973   972  2631.172552  0.120000
 973   976  0.000000  0.257143
 974   962  1545.122289  0.317364
 974   966  236.097759  0.133334
 974   968  919.698944  0.685772
 975   972  339.266881  0.257288
 975   976  1658.954142  0.120000
 976   971  1333.491643  0.360000
 976   978  325.462499  0.514523
 977   760  2814.167721  0.204000
 977   975  339.266881  0.514576
 978   864  325.462499  0.257147
 978   977  2537.188574  0.120000
 979   257  304.226549  0.685940
 979   263  3676.891556  1.231871
 979   987  614.406141  0.693026
 979   992  606.011547  0.514450
 979    54  204.169000  0.833333
 979    55  253.705978  0.633333
 980   889  847.580905  0.744692
 980   986  900.959078  0.549811
 980   992  2136.650330  1.393523
 980  1002  24.151603  0.700000
 980  1003  493.095079  0.301565
 981   991  1348.012943  0.780674
 981   995  291.560034  0.900418
 981  1004  0.000000  2.100000
 982   984  37.240000  1.320000
 982   985  676.095292  0.600557
 982   991  1236.119882  0.543538
 982    69  211.752064  0.583333
 983   950  1656.734838  0.801479
 983   986  2295.637985  1.221233
 983  1004  0.854782  1.800000
 983    70  1608.983756  0.833333
 984   982  168.145980  1.320002
 984   988  2287.496367  1.122083
 985   950  288.526039  0.600266
 985   952  795.746890  0.326117
 985    69  38.390936  0.583333
 985    71  752.911149  0.833333
 986   980  1485.503042  0.563280
 986   983  1983.127589  1.100742
 986  1004  0.000000  1.200000
 986    59  272.383031  0.500000
 986    68  862.801761  0.950000
 987   979  827.488050  0.716933
 987   992  0.000000  0.600000
 987   993  458.991273  0.859328
 987  1003  155.414868  1.300033
 988   989  0.000000  0.671642
 988   996  3195.153149  0.909800
 988   997  1924.406133  0.915965
 989   988  1954.370916  0.672009
 990   950  1017.511758  0.247517
 990   984  2418.402347  0.606222
 991   981  291.560034  0.500232
 991   982  719.701376  0.412021
 991   996  2024.001221  1.147076
 992   979  2560.823116  0.716393
 992   980  564.477626  1.200270
 992   987  0.000000  0.600000
 992    57  41.533921  0.533333
 993   987  351.122789  0.857716
 993   994  0.029873  1.200000
 993  1000  464.052715  0.343780
 993  1003  0.827000  0.900000
 994   993  0.000000  1.200000
 994    67  0.029873  0.833333
 995   981  1348.012943  1.405213
 995    67  66.348332  0.833333
 995  1000  351.949789  0.771950
 995  1001  15.011078  0.700000
 996   907  5159.526833  0.185620
 996   991  451.129806  1.000142
 996    67  88.513795  0.833333
 997   999  1924.406133  0.503781
 998   989  1954.370916  2.740443
 998    66  87.123000  0.583333
 999    94  330.833133  0.833333
 999    95  1005.162000  0.833333
 999    97  492.248000  0.833333
 999   110  18.233000  0.833333
 999   998  1288.209916  0.289171
1000   993  351.949789  0.343089
1000   995  464.052715  0.773504
1000  1002  0.000000  1.000000
1001   995  950.285457  0.829178
1001  1002  15.011078  0.500000
1001  1004  0.000000  1.050000
1002   980  1.741078  0.700000
1002    68  13.270000  0.950000
1002  1000  0.000000  1.000000
1002  1001  949.430675  0.591888
1003   980  978.698581  0.336690
1003   987  476.365261  1.305785
1003   993  5.091315  0.900000
1003    57  77.373260  0.533333
1003    68  644.130239  0.950000
1004   981  0.000000  2.100000
1004   983  0.000000  1.800000
1004   986  0.000000  1.200000
1004  1001  0.854782  1.050000
1005    91  704.167770  0.833333
1005    92  641.580427  0.833333
1005    93  490.552828  0.833333
1005    96  30.742530  0.833333
1005    99  4.137619  0.833333
1005   928  6039.605798  1.492123
1005   955  1188.029526  1.464683
1006   941  5441.225240  2.958541
1007    92  1368.844573  0.833333
1007    93  831.581172  0.833333
1007    96  59.822470  0.833333
1007    99  16.690381  0.833333
1007   100  1066.985000  0.833333
1007  1006  0.027264  0.242424
1009    98  965.027000  0.833333
1009   102  5023.899000  0.833333
1009   248  528.790943  2.422538
1009   250  733.061868  4.510752
1010    91  222.625267  0.833333
1010   951  1237.010363  0.433231
1011   959  203.202852  1.200005
1011  1012  114.439331  0.120000
1012   904  114.439331  0.120000
1013   630  2323.023097  0.890283
1013   925  0.000000  0.480000
1013   926  2632.026272  0.733456
1013   947  312.911574  1.160050
1014   448  563.137791  0.379723
1014  1015  1630.967107  0.324000
1015   825  1085.196365  0.703390
1015  1016  1630.967107  0.324000
1016   336  6102.645792  0.460876
1016   824  5060.271720  0.699476
1016  1017  612.372181  0.168000
1017   836  3043.741311  0.581476
1018   259  1674.750579  0.809510
1018   645  1319.977099  0.267435
1018  1019  4826.129694  0.250632
1019   635  1013.768244  0.268104
1019   740  3297.458749  0.558129
1019   873  5042.132818  1.272424
1019  1018  1867.644965  0.200748
1020    74  33.100915  0.833333
1020   304  7.755450  2.000000
1020   306  3694.134767  1.126577
